-0.760254	-0.060059	-0.665527	-2.099237	1.610687	0.312977	-6.997265
-0.766357	-0.056641	-0.652100	-2.160305	1.641221	0.267176	0.266483
-0.766846	-0.058105	-0.653320	-2.274809	1.793893	0.320611	0.280003
-0.768799	-0.059082	-0.657959	-2.061069	1.717557	0.305344	0.293600
-0.762207	-0.059082	-0.651123	-2.152672	1.541985	0.427481	0.307085
-0.761719	-0.068115	-0.651611	-2.038168	1.496183	0.305344	0.320644
-0.761230	-0.051758	-0.651611	-2.114504	1.732824	0.221374	0.334103
-0.756104	-0.063477	-0.662354	-3.908397	1.671756	0.282443	0.347594
-0.761475	-0.051514	-0.647461	-2.114504	1.564885	0.442748	0.361026
-0.767334	-0.052979	-0.660400	-2.152672	1.740458	0.351145	0.374415
-0.762207	-0.061035	-0.657715	-1.992366	1.541985	0.534351	0.387834
-0.757324	-0.057373	-0.658447	-2.076336	1.648855	0.290076	0.401255
-0.760010	-0.057129	-0.663574	-2.106870	1.641221	0.450382	0.414657
-0.758545	-0.048828	-0.658691	-2.053435	1.740458	0.526718	0.428253
-0.772949	-0.057129	-0.657471	-1.908397	1.648855	0.541985	0.441660
-0.766846	-0.056396	-0.661377	-1.977099	1.717557	0.335878	0.455055
-0.767090	-0.058594	-0.653320	-3.908397	1.641221	0.343511	0.468555
-0.768066	-0.057861	-0.657959	-2.091603	1.748092	0.312977	0.481955
-0.763916	-0.058838	-0.656006	-2.007634	1.656489	0.442748	0.495351
-0.767334	-0.062256	-0.655273	-2.022901	1.580153	0.503817	0.508894
-0.765625	-0.056152	-0.656006	-2.061069	1.656489	0.473282	0.522337
-0.768555	-0.064697	-0.655273	-1.916031	1.679389	0.404580	0.535707
-0.764404	-0.059570	-0.660889	-2.221374	1.633588	0.541985	0.559837
-0.766846	-0.063232	-0.659424	-2.099237	1.610687	0.549618	0.573513
-0.764160	-0.057617	-0.660156	-2.106870	1.687023	0.312977	0.586932
-0.771484	-0.062988	-0.659668	-2.091603	1.587786	0.526718	0.600355
-0.761475	-0.060303	-0.648682	-2.122137	1.702290	0.541985	0.613745
-0.765625	-0.063232	-0.667969	-2.000000	1.778626	0.282443	0.627192
-0.762695	-0.055420	-0.656250	-1.923664	1.625954	0.335878	0.640615
-0.763672	-0.057861	-0.660889	-2.106870	1.778626	0.343511	0.654017
-0.761230	-0.052246	-0.649170	-2.091603	1.740458	0.305344	0.667783
-0.768066	-0.062256	-0.658203	-2.267176	1.755725	0.366412	0.681291
-0.765869	-0.061768	-0.648926	-2.045802	1.786260	0.427481	0.694682
-0.763916	-0.060059	-0.659668	-2.015267	1.625954	0.335878	0.708159
-0.763672	-0.058350	-0.666016	-2.091603	1.572519	0.366412	0.721582
-0.771484	-0.058594	-0.665283	-2.114504	1.809160	0.511450	0.735010
-0.768555	-0.062500	-0.650391	-2.106870	1.656489	0.213740	0.748484
-0.768066	-0.052734	-0.655029	-3.900763	1.687023	0.229008	0.761899
-0.751221	-0.063232	-0.666992	-2.122137	1.564885	0.687023	0.775308
-0.765381	-0.065430	-0.652832	-2.519084	1.732824	1.152672	0.788795
-0.762207	-0.052979	-0.662109	-2.229008	1.694656	0.633588	0.802204
