3592.000000	-1692.000000	15708.000000
3472.000000	-2124.000000	15712.000000
4048.000000	-1600.000000	15924.000000
4012.000000	-1516.000000	15476.000000
3980.000000	-1668.000000	15328.000000
3868.000000	-1812.000000	15272.000000
3888.000000	-1868.000000	14656.000000
3956.000000	-1976.000000	15036.000000
4104.000000	-1840.000000	15492.000000
4184.000000	-1944.000000	16116.000000
4200.000000	-2304.000000	16344.000000
4372.000000	-2268.000000	16352.000000
4048.000000	-2332.000000	16096.000000
4044.000000	-2528.000000	16000.000000
3976.000000	-2596.000000	15880.000000
3796.000000	-2860.000000	15328.000000
3884.000000	-2748.000000	14944.000000
3892.000000	-2700.000000	14724.000000
3856.000000	-2780.000000	15204.000000
3852.000000	-2996.000000	15692.000000
4008.000000	-3272.000000	15724.000000
3984.000000	-3332.000000	15820.000000
3812.000000	-3224.000000	16148.000000
3764.000000	-3048.000000	16092.000000
3844.000000	-2976.000000	15932.000000
3664.000000	-2852.000000	15584.000000
3452.000000	-2752.000000	15256.000000
3952.000000	-2640.000000	15492.000000
3324.000000	-2268.000000	15628.000000
3312.000000	-2152.000000	16036.000000
3152.000000	-2144.000000	15716.000000
3112.000000	-2464.000000	15608.000000
3176.000000	-2468.000000	16044.000000
3208.000000	-2092.000000	16020.000000
3428.000000	-2924.000000	16052.000000
2944.000000	-1876.000000	15488.000000
3092.000000	-2456.000000	16092.000000
3284.000000	-2280.000000	16272.000000
3252.000000	-2056.000000	16420.000000
3244.000000	-2436.000000	16636.000000
3440.000000	-2600.000000	16984.000000
3416.000000	-2652.000000	16916.000000
3776.000000	-2632.000000	17052.000000
3636.000000	-2676.000000	16856.000000
3712.000000	-2704.000000	16884.000000
3640.000000	-2644.000000	16520.000000
3572.000000	-2584.000000	16296.000000
3508.000000	-2568.000000	15920.000000
3416.000000	-2524.000000	15536.000000
3424.000000	-2464.000000	15380.000000
3404.000000	-2296.000000	15240.000000
3480.000000	-2492.000000	14844.000000
3548.000000	-2292.000000	14924.000000
3616.000000	-2784.000000	14980.000000
3564.000000	-2620.000000	15640.000000
3672.000000	-2744.000000	16164.000000
3668.000000	-2664.000000	16292.000000
3640.000000	-2656.000000	16240.000000
3820.000000	-2772.000000	16232.000000
3536.000000	-2748.000000	15636.000000
3516.000000	-2588.000000	15408.000000
3488.000000	-2572.000000	15600.000000
3352.000000	-2264.000000	15620.000000
3388.000000	-2532.000000	16044.000000
3412.000000	-2508.000000	15916.000000
3400.000000	-2404.000000	16348.000000
3840.000000	-2612.000000	16388.000000
3688.000000	-2524.000000	15820.000000
3776.000000	-2556.000000	16384.000000
3680.000000	-2328.000000	15876.000000
3624.000000	-2488.000000	15296.000000
3524.000000	-2268.000000	15028.000000
3568.000000	-2036.000000	15344.000000
3504.000000	-2012.000000	15652.000000
3500.000000	-2208.000000	15940.000000
3544.000000	-2212.000000	15980.000000
3696.000000	-2456.000000	15908.000000
3752.000000	-2252.000000	15848.000000
3708.000000	-2204.000000	16052.000000
3640.000000	-2284.000000	15272.000000
3488.000000	-2288.000000	15180.000000
3384.000000	-2240.000000	14936.000000
3372.000000	-2188.000000	14860.000000
3340.000000	-2172.000000	15280.000000
3460.000000	-2136.000000	15652.000000
3548.000000	-2068.000000	15928.000000
3636.000000	-2096.000000	15920.000000
3652.000000	-2244.000000	16112.000000
3724.000000	-2128.000000	16032.000000
3784.000000	-2396.000000	16156.000000
3908.000000	-2496.000000	16356.000000
3796.000000	-2540.000000	16580.000000
3616.000000	-2652.000000	16316.000000
3460.000000	-2744.000000	15800.000000
3356.000000	-2136.000000	15192.000000
3232.000000	-2236.000000	15460.000000
3100.000000	-2328.000000	15688.000000
3168.000000	-2280.000000	16096.000000
3076.000000	-2336.000000	15968.000000
3432.000000	-2460.000000	16000.000000
3248.000000	-2488.000000	16068.000000
3376.000000	-2336.000000	16204.000000
3296.000000	-2352.000000	15828.000000
3068.000000	-2240.000000	15568.000000
3180.000000	-2192.000000	15268.000000
3128.000000	-2180.000000	15540.000000
3288.000000	-2376.000000	16068.000000
3044.000000	-2252.000000	15684.000000
3244.000000	-2120.000000	15612.000000
3428.000000	-1848.000000	15524.000000
3488.000000	-2028.000000	15572.000000
3396.000000	-2008.000000	15884.000000
3472.000000	-2224.000000	16312.000000
3396.000000	-2340.000000	15880.000000
3356.000000	-2304.000000	15408.000000
3328.000000	-2212.000000	15556.000000
3324.000000	-2264.000000	15588.000000
3380.000000	-2336.000000	15412.000000
3212.000000	-2236.000000	14932.000000
3292.000000	-2136.000000	14636.000000
3472.000000	-1832.000000	14836.000000
3376.000000	-1812.000000	15512.000000
3444.000000	-2328.000000	15444.000000
3300.000000	-2428.000000	15432.000000
3508.000000	-2412.000000	15016.000000
3176.000000	-2328.000000	15100.000000
3312.000000	-2184.000000	15232.000000
3140.000000	-2368.000000	14636.000000
3028.000000	-2076.000000	14816.000000
3188.000000	-2112.000000	15256.000000
3132.000000	-2304.000000	15976.000000
3252.000000	-2448.000000	16116.000000
3452.000000	-2336.000000	16316.000000
3152.000000	-1996.000000	16064.000000
3156.000000	-1544.000000	15900.000000
3204.000000	-1908.000000	15956.000000
3248.000000	-2076.000000	16580.000000
3468.000000	-2776.000000	17308.000000
3696.000000	-2296.000000	17572.000000
3436.000000	-2148.000000	17300.000000
3356.000000	-2456.000000	16880.000000
3100.000000	-2344.000000	16292.000000
3060.000000	-2540.000000	16000.000000
3012.000000	-2516.000000	15748.000000
2888.000000	-2560.000000	15964.000000
2912.000000	-2596.000000	16348.000000
3232.000000	-2676.000000	16540.000000
2988.000000	-2576.000000	16580.000000
2972.000000	-2420.000000	16252.000000
2996.000000	-2344.000000	15632.000000
2840.000000	-2356.000000	15452.000000
2892.000000	-2804.000000	15352.000000
2884.000000	-2820.000000	15528.000000
2976.000000	-2392.000000	15924.000000
3168.000000	-2548.000000	16192.000000
3108.000000	-2324.000000	16004.000000
3336.000000	-2272.000000	16472.000000
3176.000000	-2248.000000	16636.000000
3036.000000	-2892.000000	16344.000000
3100.000000	-2864.000000	16264.000000
3228.000000	-2780.000000	16520.000000
3112.000000	-3300.000000	16312.000000
3064.000000	-3304.000000	16392.000000
3200.000000	-3648.000000	16564.000000
3180.000000	-3168.000000	16620.000000
3348.000000	-3120.000000	16380.000000
3556.000000	-2812.000000	15668.000000
2972.000000	-3232.000000	15584.000000
2980.000000	-2900.000000	15196.000000
2920.000000	-3084.000000	15260.000000
2832.000000	-2640.000000	14708.000000
2836.000000	-2688.000000	14540.000000
2892.000000	-2344.000000	14932.000000
2924.000000	-2272.000000	15520.000000
2468.000000	-2656.000000	15744.000000
3004.000000	-2084.000000	16876.000000
3084.000000	-2216.000000	15528.000000
3300.000000	-2636.000000	15944.000000
2972.000000	-1812.000000	16828.000000
2864.000000	-2948.000000	16736.000000
2984.000000	-2372.000000	16280.000000
3180.000000	-2224.000000	16472.000000
2364.000000	-2416.000000	15596.000000
2648.000000	-2288.000000	15236.000000
2748.000000	-2420.000000	15472.000000
2800.000000	-2692.000000	16292.000000
2516.000000	-2844.000000	15064.000000
2800.000000	-3164.000000	16320.000000
2832.000000	-3304.000000	16120.000000
2736.000000	-2464.000000	16084.000000
3332.000000	-3612.000000	15768.000000
2552.000000	-2348.000000	15224.000000
3116.000000	-2704.000000	15992.000000
2376.000000	-2452.000000	15380.000000
2360.000000	-2444.000000	15588.000000
2520.000000	-2588.000000	15800.000000
2252.000000	-2256.000000	15376.000000
2548.000000	-2156.000000	16480.000000
2784.000000	-2596.000000	15296.000000
2736.000000	-2472.000000	15664.000000
2568.000000	-2364.000000	15948.000000
2612.000000	-2120.000000	15704.000000
2480.000000	-2304.000000	15324.000000
2404.000000	-2516.000000	15364.000000
2484.000000	-2748.000000	15568.000000
2436.000000	-2676.000000	15988.000000
2444.000000	-2664.000000	15736.000000
2368.000000	-2664.000000	15344.000000
2220.000000	-2888.000000	15300.000000
2208.000000	-2912.000000	15816.000000
2328.000000	-2916.000000	16496.000000
2260.000000	-3216.000000	16180.000000
1980.000000	-3176.000000	14880.000000
1972.000000	-3352.000000	15816.000000
2236.000000	-2912.000000	16368.000000
2300.000000	-3344.000000	16548.000000
2664.000000	-3892.000000	17156.000000
2352.000000	-3420.000000	17332.000000
2640.000000	-3560.000000	17364.000000
2716.000000	-3220.000000	17188.000000
2392.000000	-3088.000000	16776.000000
2624.000000	-3044.000000	16868.000000
2468.000000	-2872.000000	17060.000000
2496.000000	-2932.000000	16800.000000
2320.000000	-3100.000000	16276.000000
2356.000000	-2820.000000	16060.000000
2400.000000	-2904.000000	15748.000000
2144.000000	-4104.000000	15972.000000
1876.000000	-2760.000000	15136.000000
2520.000000	-2104.000000	16172.000000
2220.000000	-2668.000000	14304.000000
2312.000000	-2788.000000	14440.000000
2296.000000	-2632.000000	14960.000000
2312.000000	-2908.000000	15416.000000
1980.000000	-2760.000000	15744.000000
2212.000000	-2940.000000	16196.000000
2180.000000	-3044.000000	15888.000000
2296.000000	-3180.000000	16224.000000
2304.000000	-2996.000000	17172.000000
2176.000000	-2992.000000	17012.000000
2104.000000	-2780.000000	16628.000000
2228.000000	-2456.000000	16668.000000
2156.000000	-2460.000000	15984.000000
2384.000000	-2276.000000	15800.000000
2312.000000	-2180.000000	15816.000000
2520.000000	-2216.000000	15880.000000
2352.000000	-2204.000000	16088.000000
2324.000000	-2376.000000	16356.000000
2212.000000	-2348.000000	16552.000000
1940.000000	-2492.000000	15968.000000
2092.000000	-2480.000000	15796.000000
2052.000000	-2312.000000	15932.000000
2148.000000	-2380.000000	15552.000000
2108.000000	-2524.000000	15424.000000
2204.000000	-2292.000000	15560.000000
2264.000000	-2552.000000	15932.000000
2324.000000	-2672.000000	16160.000000
2336.000000	-2500.000000	16308.000000
2360.000000	-2604.000000	15972.000000
2312.000000	-2588.000000	16088.000000
2316.000000	-2536.000000	16284.000000
2304.000000	-2672.000000	16104.000000
2120.000000	-2532.000000	16452.000000
2364.000000	-2872.000000	16472.000000
2304.000000	-2824.000000	16004.000000
2788.000000	-2740.000000	16188.000000
2480.000000	-2788.000000	15604.000000
2640.000000	-2604.000000	15708.000000
2460.000000	-2668.000000	15936.000000
2356.000000	-2896.000000	15920.000000
2428.000000	-2888.000000	15616.000000
2080.000000	-2880.000000	15720.000000
2072.000000	-2952.000000	15588.000000
2204.000000	-3060.000000	15496.000000
2556.000000	-2696.000000	15712.000000
2452.000000	-2640.000000	16116.000000
2552.000000	-1960.000000	15132.000000
2712.000000	-1908.000000	15540.000000
2568.000000	-1828.000000	15624.000000
2820.000000	-1984.000000	15948.000000
2780.000000	-2112.000000	15652.000000
2728.000000	-2548.000000	15424.000000
2556.000000	-2320.000000	15716.000000
2584.000000	-2212.000000	15916.000000
2432.000000	-2608.000000	15756.000000
2132.000000	-2588.000000	15716.000000
2236.000000	-2380.000000	15900.000000
2204.000000	-2464.000000	15704.000000
1660.000000	-3196.000000	16072.000000
2136.000000	-2768.000000	15872.000000
2376.000000	-2804.000000	16536.000000
2192.000000	-2664.000000	16280.000000
2292.000000	-2716.000000	15844.000000
2136.000000	-2944.000000	16028.000000
2280.000000	-2652.000000	16244.000000
2100.000000	-2908.000000	16064.000000
2100.000000	-2772.000000	16268.000000
2140.000000	-2648.000000	16216.000000
2148.000000	-2644.000000	16220.000000
2216.000000	-2548.000000	15780.000000
2268.000000	-2220.000000	16268.000000
2188.000000	-2328.000000	16204.000000
2112.000000	-2552.000000	15952.000000
2120.000000	-2624.000000	16568.000000
2344.000000	-2752.000000	16396.000000
2224.000000	-2644.000000	15980.000000
2128.000000	-2660.000000	15800.000000
2336.000000	-2764.000000	15896.000000
2304.000000	-2688.000000	16076.000000
2364.000000	-2344.000000	16120.000000
2508.000000	-2596.000000	16348.000000
2316.000000	-2404.000000	15260.000000
2292.000000	-2416.000000	15388.000000
2280.000000	-2684.000000	15536.000000
2108.000000	-2596.000000	15672.000000
2268.000000	-2660.000000	15980.000000
2156.000000	-2452.000000	15688.000000
2224.000000	-2468.000000	15600.000000
2088.000000	-2692.000000	15408.000000
2176.000000	-2948.000000	16260.000000
2348.000000	-2764.000000	16908.000000
2384.000000	-2704.000000	17112.000000
2276.000000	-2588.000000	16612.000000
2352.000000	-2460.000000	16492.000000
2128.000000	-2588.000000	15564.000000
2112.000000	-2300.000000	15776.000000
2104.000000	-2296.000000	15696.000000
2088.000000	-2516.000000	16328.000000
2212.000000	-2232.000000	16604.000000
2576.000000	-1508.000000	16416.000000
2340.000000	-1704.000000	16284.000000
2516.000000	-3080.000000	16200.000000
2360.000000	-3204.000000	16648.000000
2252.000000	-3072.000000	16924.000000
2200.000000	-3096.000000	17240.000000
1828.000000	-3516.000000	16324.000000
1856.000000	-2584.000000	15640.000000
2032.000000	-2624.000000	14300.000000
2132.000000	-2584.000000	14464.000000
2312.000000	-2772.000000	15664.000000
2004.000000	-2664.000000	15684.000000
1952.000000	-2824.000000	16264.000000
2176.000000	-2224.000000	16552.000000
2476.000000	-2084.000000	16796.000000
2352.000000	-1516.000000	16656.000000
2460.000000	-2132.000000	16308.000000
1736.000000	-2748.000000	15552.000000
1956.000000	-2392.000000	16152.000000
2244.000000	-2452.000000	15504.000000
1896.000000	-3020.000000	16140.000000
2252.000000	-2644.000000	15760.000000
2168.000000	-2840.000000	15348.000000
2292.000000	-2984.000000	16072.000000
2376.000000	-2860.000000	15712.000000
2356.000000	-2620.000000	15620.000000
2400.000000	-2412.000000	16296.000000
2428.000000	-2440.000000	15832.000000
2248.000000	-2512.000000	15968.000000
2260.000000	-2460.000000	16100.000000
2280.000000	-2384.000000	15732.000000
2120.000000	-2400.000000	15396.000000
2080.000000	-2496.000000	15480.000000
2152.000000	-2508.000000	15992.000000
2212.000000	-2496.000000	16352.000000
2152.000000	-2440.000000	16276.000000
2240.000000	-2504.000000	16152.000000
2320.000000	-2496.000000	16168.000000
2424.000000	-2416.000000	16552.000000
2448.000000	-2332.000000	16640.000000
2420.000000	-2672.000000	16456.000000
2312.000000	-2624.000000	16332.000000
2280.000000	-2432.000000	15728.000000
2412.000000	-2320.000000	15572.000000
2208.000000	-2316.000000	15696.000000
2224.000000	-2484.000000	15816.000000
2096.000000	-2576.000000	16124.000000
2124.000000	-2308.000000	16120.000000
2144.000000	-2576.000000	16064.000000
2244.000000	-2668.000000	15920.000000
2244.000000	-2700.000000	16032.000000
2256.000000	-2704.000000	16104.000000
2048.000000	-2760.000000	16024.000000
2220.000000	-2732.000000	16108.000000
2548.000000	-2552.000000	16380.000000
2432.000000	-2568.000000	16432.000000
2264.000000	-2568.000000	16104.000000
2516.000000	-2628.000000	15972.000000
2184.000000	-2256.000000	15932.000000
2100.000000	-2460.000000	15680.000000
2020.000000	-2352.000000	15704.000000
2016.000000	-2308.000000	15864.000000
2020.000000	-2160.000000	15768.000000
2052.000000	-2344.000000	15800.000000
2124.000000	-2556.000000	15776.000000
2148.000000	-2652.000000	16100.000000
2292.000000	-2612.000000	16220.000000
2300.000000	-2648.000000	16412.000000
2144.000000	-2724.000000	16620.000000
2048.000000	-2680.000000	16312.000000
2244.000000	-2488.000000	16012.000000
2264.000000	-2252.000000	15908.000000
2216.000000	-2356.000000	16032.000000
2348.000000	-2304.000000	16432.000000
2328.000000	-2796.000000	16188.000000
2312.000000	-2424.000000	15844.000000
2192.000000	-2624.000000	15708.000000
2156.000000	-2416.000000	15768.000000
2236.000000	-2628.000000	15920.000000
2516.000000	-2884.000000	15968.000000
2140.000000	-2512.000000	15884.000000
2472.000000	-2432.000000	15728.000000
1988.000000	-2252.000000	15200.000000
1992.000000	-2360.000000	15660.000000
2084.000000	-2564.000000	16308.000000
2232.000000	-2104.000000	16312.000000
2204.000000	-2352.000000	15808.000000
2224.000000	-2576.000000	16180.000000
2244.000000	-1900.000000	16100.000000
1840.000000	-2600.000000	16248.000000
2028.000000	-3156.000000	16072.000000
2064.000000	-2892.000000	16168.000000
2032.000000	-2688.000000	16028.000000
2008.000000	-2720.000000	15872.000000
2192.000000	-2688.000000	15588.000000
2296.000000	-2456.000000	15760.000000
2284.000000	-2476.000000	16004.000000
2280.000000	-2604.000000	16072.000000
2176.000000	-2560.000000	15908.000000
2200.000000	-2356.000000	15596.000000
2248.000000	-2252.000000	16120.000000
2252.000000	-2504.000000	15376.000000
2404.000000	-2456.000000	15832.000000
2488.000000	-2388.000000	16060.000000
2500.000000	-2660.000000	16456.000000
2668.000000	-2472.000000	16788.000000
2776.000000	-2452.000000	16752.000000
2556.000000	-2564.000000	16500.000000
2448.000000	-2548.000000	16144.000000
2212.000000	-2564.000000	15812.000000
2228.000000	-2360.000000	15692.000000
2280.000000	-2880.000000	15568.000000
2128.000000	-2884.000000	15676.000000
2204.000000	-2576.000000	15876.000000
2216.000000	-2596.000000	15748.000000
2288.000000	-2732.000000	15704.000000
2160.000000	-2696.000000	15656.000000
2240.000000	-2648.000000	15804.000000
2220.000000	-2700.000000	16008.000000
2360.000000	-2580.000000	16280.000000
2352.000000	-2524.000000	16288.000000
2340.000000	-2952.000000	16364.000000
2392.000000	-2628.000000	16280.000000
2444.000000	-2652.000000	16324.000000
2472.000000	-2672.000000	16156.000000
2292.000000	-2976.000000	15716.000000
2476.000000	-2700.000000	16272.000000
2236.000000	-2760.000000	15640.000000
2304.000000	-2460.000000	16092.000000
2464.000000	-2436.000000	15748.000000
2544.000000	-2608.000000	16124.000000
2420.000000	-2564.000000	16104.000000
2580.000000	-2744.000000	16300.000000
2532.000000	-2764.000000	16620.000000
2600.000000	-2660.000000	16100.000000
2520.000000	-2344.000000	16224.000000
2744.000000	-2492.000000	15772.000000
2384.000000	-2340.000000	15716.000000
2380.000000	-2108.000000	15868.000000
2384.000000	-2336.000000	15788.000000
2420.000000	-2668.000000	15804.000000
2400.000000	-2820.000000	15972.000000
2468.000000	-2768.000000	16316.000000
2360.000000	-2620.000000	16684.000000
2348.000000	-2636.000000	16560.000000
2304.000000	-2760.000000	15976.000000
2320.000000	-2556.000000	15600.000000
2220.000000	-2516.000000	15288.000000
2304.000000	-2676.000000	15388.000000
2264.000000	-2588.000000	15784.000000
2312.000000	-2724.000000	16300.000000
2160.000000	-2956.000000	16088.000000
2316.000000	-2760.000000	16936.000000
2324.000000	-2700.000000	16652.000000
2212.000000	-2652.000000	16100.000000
2056.000000	-2624.000000	15984.000000
2380.000000	-2620.000000	16028.000000
2296.000000	-2552.000000	15776.000000
2128.000000	-2704.000000	15888.000000
2256.000000	-2652.000000	15808.000000
2188.000000	-2596.000000	15640.000000
2096.000000	-2740.000000	15924.000000
2284.000000	-2516.000000	16076.000000
2264.000000	-2652.000000	15648.000000
2316.000000	-2540.000000	15968.000000
2420.000000	-2364.000000	16104.000000
2396.000000	-2824.000000	16440.000000
2396.000000	-2656.000000	16488.000000
2536.000000	-2872.000000	16084.000000
2468.000000	-3004.000000	15872.000000
2412.000000	-2584.000000	15852.000000
2264.000000	-2616.000000	15780.000000
2440.000000	-2716.000000	15628.000000
2248.000000	-2432.000000	15568.000000
2328.000000	-2452.000000	15392.000000
2188.000000	-2468.000000	15540.000000
2356.000000	-2724.000000	16244.000000
2384.000000	-2512.000000	16292.000000
2632.000000	-2428.000000	16484.000000
2456.000000	-2164.000000	16148.000000
2356.000000	-2392.000000	15888.000000
2536.000000	-2604.000000	16084.000000
2228.000000	-2620.000000	16052.000000
2188.000000	-2612.000000	15968.000000
2228.000000	-2796.000000	16040.000000
2280.000000	-2512.000000	16172.000000
2264.000000	-2568.000000	16296.000000
2332.000000	-2764.000000	16276.000000
2380.000000	-2504.000000	15736.000000
2260.000000	-2484.000000	15376.000000
2400.000000	-2488.000000	15624.000000
2300.000000	-2576.000000	15476.000000
2068.000000	-2724.000000	15748.000000
2296.000000	-2804.000000	15528.000000
2344.000000	-2668.000000	15564.000000
2448.000000	-2624.000000	15840.000000
2456.000000	-2556.000000	16508.000000
2880.000000	-2464.000000	16828.000000
2348.000000	-2484.000000	16280.000000
2204.000000	-2600.000000	16268.000000
2276.000000	-2536.000000	16392.000000
2212.000000	-2220.000000	15856.000000
2200.000000	-2456.000000	15496.000000
2132.000000	-2476.000000	15628.000000
2140.000000	-2492.000000	15960.000000
2152.000000	-2568.000000	16280.000000
2224.000000	-2712.000000	16192.000000
2108.000000	-2816.000000	15964.000000
2156.000000	-2836.000000	16252.000000
2088.000000	-2724.000000	16472.000000
1928.000000	-2688.000000	16380.000000
1952.000000	-2584.000000	16144.000000
1944.000000	-2320.000000	16236.000000
2060.000000	-2692.000000	16512.000000
2000.000000	-2768.000000	16288.000000
2064.000000	-2624.000000	16568.000000
2008.000000	-2540.000000	16532.000000
1960.000000	-2812.000000	16516.000000
1888.000000	-2800.000000	16656.000000
2016.000000	-3100.000000	16540.000000
1872.000000	-2848.000000	16476.000000
1692.000000	-2928.000000	16048.000000
2508.000000	-2860.000000	16492.000000
1980.000000	-2528.000000	15604.000000
2000.000000	-2452.000000	15596.000000
1640.000000	-2168.000000	15728.000000
1680.000000	-2316.000000	15572.000000
1668.000000	-2108.000000	15104.000000
1576.000000	-2544.000000	14624.000000
1496.000000	-1652.000000	13732.000000
992.000000	-280.000000	12992.000000
224.000000	-132.000000	11744.000000
-1304.000000	-1296.000000	7732.000000
-1696.000000	-1128.000000	3292.000000
-1440.000000	-80.000000	-1020.000000
-216.000000	1924.000000	-7016.000000
1088.000000	2888.000000	-5876.000000
2760.000000	2468.000000	-1472.000000
3648.000000	-428.000000	-3340.000000
4844.000000	3352.000000	-1768.000000
4788.000000	-9464.000000	7608.000000
7492.000000	-8092.000000	22584.000000
1284.000000	-5744.000000	22780.000000
3320.000000	-9004.000000	30720.000000
2292.000000	-11380.000000	32767.000000
2068.000000	-12520.000000	32767.000000
2404.000000	-10876.000000	32767.000000
2460.000000	-10820.000000	31880.000000
1480.000000	-9020.000000	28872.000000
704.000000	-7516.000000	27380.000000
-536.000000	-6660.000000	26392.000000
-680.000000	-4568.000000	24104.000000
-124.000000	-3072.000000	20132.000000
-224.000000	-2824.000000	17616.000000
-528.000000	-3512.000000	14148.000000
924.000000	-2664.000000	10276.000000
-1132.000000	-3520.000000	9748.000000
256.000000	-3576.000000	8300.000000
200.000000	-4112.000000	8164.000000
492.000000	-3804.000000	6964.000000
-196.000000	-4260.000000	5472.000000
-872.000000	-6588.000000	10572.000000
-188.000000	-6780.000000	15600.000000
-72.000000	-7208.000000	21632.000000
424.000000	-8584.000000	26972.000000
-456.000000	-10212.000000	32511.000000
296.000000	-10736.000000	32767.000000
1376.000000	-10024.000000	32767.000000
2064.000000	-8856.000000	30216.000000
3392.000000	-7608.000000	27020.000000
2988.000000	-11472.000000	27084.000000
3596.000000	-7312.000000	24320.000000
3384.000000	-7276.000000	25312.000000
2964.000000	-7824.000000	23772.000000
5264.000000	-4632.000000	20364.000000
2796.000000	-12052.000000	21368.000000
3240.000000	-5460.000000	15820.000000
6588.000000	-5456.000000	13996.000000
-1236.000000	-4912.000000	10296.000000
-2692.000000	-9432.000000	7372.000000
-2528.000000	-2600.000000	8488.000000
-2212.000000	-404.000000	6324.000000
-1540.000000	-548.000000	4476.000000
-1776.000000	-248.000000	4152.000000
-1448.000000	-772.000000	5064.000000
-940.000000	-1380.000000	6912.000000
-552.000000	-1204.000000	7500.000000
28.000000	-944.000000	7896.000000
440.000000	-924.000000	10272.000000
184.000000	-1104.000000	8916.000000
684.000000	-1412.000000	9544.000000
1096.000000	-1900.000000	11048.000000
992.000000	-3340.000000	13096.000000
1832.000000	-2436.000000	13492.000000
2048.000000	-1080.000000	15300.000000
1540.000000	-1536.000000	16632.000000
1448.000000	-2072.000000	15732.000000
984.000000	-2084.000000	15124.000000
1288.000000	-1292.000000	14792.000000
2168.000000	-832.000000	15012.000000
2520.000000	-848.000000	15656.000000
2548.000000	-1536.000000	16992.000000
2780.000000	-2144.000000	18820.000000
2744.000000	-2252.000000	19172.000000
2580.000000	-2856.000000	19172.000000
2128.000000	-2824.000000	18704.000000
2192.000000	-3308.000000	17944.000000
1896.000000	-2828.000000	17504.000000
1824.000000	-2888.000000	17244.000000
1616.000000	-2772.000000	16140.000000
1508.000000	-2512.000000	15236.000000
1688.000000	-2284.000000	15036.000000
1840.000000	-2372.000000	14828.000000
1952.000000	-1776.000000	14496.000000
1852.000000	-2044.000000	14680.000000
1836.000000	-2332.000000	15352.000000
1704.000000	-2272.000000	15432.000000
1352.000000	-2500.000000	14928.000000
1232.000000	-2736.000000	14444.000000
1452.000000	-2324.000000	14496.000000
1640.000000	-2112.000000	14272.000000
1812.000000	-1936.000000	15196.000000
2080.000000	-1788.000000	16240.000000
1964.000000	-1916.000000	16620.000000
2184.000000	-2104.000000	17328.000000
2380.000000	-1892.000000	16944.000000
2376.000000	-1852.000000	17068.000000
2272.000000	-2532.000000	17348.000000
2592.000000	-2348.000000	16988.000000
3080.000000	-3000.000000	17180.000000
2104.000000	-1808.000000	15716.000000
2132.000000	-2396.000000	16968.000000
1780.000000	-2404.000000	15728.000000
2028.000000	-1768.000000	16048.000000
2112.000000	-2368.000000	15792.000000
1920.000000	-2208.000000	15416.000000
1988.000000	-2012.000000	15308.000000
1876.000000	-2076.000000	14940.000000
1816.000000	-1680.000000	15428.000000
1864.000000	-1768.000000	15872.000000
1812.000000	-2204.000000	16772.000000
1704.000000	-1988.000000	17224.000000
2096.000000	-2388.000000	17992.000000
2276.000000	-2020.000000	17664.000000
2468.000000	-2028.000000	17496.000000
2168.000000	-2328.000000	16284.000000
2068.000000	-2592.000000	16300.000000
1740.000000	-2708.000000	16160.000000
1652.000000	-2500.000000	15528.000000
1720.000000	-2248.000000	15764.000000
1684.000000	-2208.000000	15468.000000
1720.000000	-1932.000000	15348.000000
1708.000000	-1804.000000	15224.000000
1980.000000	-1832.000000	16248.000000
1840.000000	-1936.000000	16432.000000
2008.000000	-1680.000000	16252.000000
2124.000000	-1696.000000	15596.000000
1892.000000	-1808.000000	15660.000000
1976.000000	-1588.000000	15800.000000
2216.000000	-2276.000000	15528.000000
2364.000000	-1288.000000	15636.000000
2628.000000	-1724.000000	17120.000000
2272.000000	-1664.000000	17672.000000
2544.000000	-1832.000000	17440.000000
2036.000000	-1692.000000	16024.000000
1772.000000	-2272.000000	15396.000000
1948.000000	-2032.000000	15092.000000
2008.000000	-2476.000000	14980.000000
1960.000000	-2388.000000	14656.000000
2128.000000	-2352.000000	15040.000000
2180.000000	-2356.000000	15288.000000
2248.000000	-2112.000000	15256.000000
2232.000000	-2204.000000	15788.000000
2224.000000	-2196.000000	16016.000000
2408.000000	-2220.000000	16220.000000
2168.000000	-2056.000000	16004.000000
2552.000000	-2352.000000	16060.000000
2280.000000	-2080.000000	16124.000000
1904.000000	-2468.000000	16196.000000
2156.000000	-2292.000000	16720.000000
2128.000000	-1908.000000	16344.000000
2188.000000	-2144.000000	17124.000000
2008.000000	-2156.000000	17316.000000
2008.000000	-2032.000000	16236.000000
1920.000000	-1872.000000	16028.000000
1732.000000	-1960.000000	15928.000000
1700.000000	-2136.000000	15736.000000
1532.000000	-2192.000000	15564.000000
1572.000000	-2200.000000	16068.000000
1648.000000	-2280.000000	15872.000000
1700.000000	-2272.000000	15888.000000
1856.000000	-2256.000000	15840.000000
1896.000000	-2208.000000	16160.000000
1804.000000	-2128.000000	16584.000000
2136.000000	-2524.000000	16500.000000
2088.000000	-2264.000000	16576.000000
2212.000000	-2036.000000	16180.000000
2356.000000	-1944.000000	16416.000000
2156.000000	-2208.000000	16520.000000
2432.000000	-2304.000000	16752.000000
2472.000000	-2284.000000	16748.000000
2476.000000	-2200.000000	16612.000000
2368.000000	-2428.000000	16276.000000
2348.000000	-2368.000000	16280.000000
2376.000000	-1920.000000	16004.000000
2100.000000	-2304.000000	15424.000000
1896.000000	-2332.000000	15360.000000
1920.000000	-2128.000000	15156.000000
1900.000000	-2252.000000	14940.000000
1864.000000	-2008.000000	15444.000000
1776.000000	-2324.000000	15684.000000
1536.000000	-2484.000000	16012.000000
1956.000000	-2316.000000	16036.000000
1992.000000	-2520.000000	16420.000000
1924.000000	-2448.000000	16792.000000
1792.000000	-2552.000000	16192.000000
1424.000000	-2240.000000	15628.000000
1024.000000	-2404.000000	15284.000000
1260.000000	-2480.000000	14528.000000
1232.000000	-1500.000000	14292.000000
556.000000	-936.000000	14716.000000
1160.000000	-1820.000000	15460.000000
1092.000000	-1452.000000	15840.000000
1368.000000	-1492.000000	16048.000000
1768.000000	-1228.000000	15292.000000
1736.000000	-2108.000000	16204.000000
1412.000000	-1412.000000	16000.000000
1888.000000	-1460.000000	15660.000000
1660.000000	-1192.000000	16128.000000
1820.000000	-832.000000	15724.000000
1432.000000	-892.000000	14640.000000
1468.000000	-372.000000	13820.000000
636.000000	-272.000000	13200.000000
828.000000	-872.000000	12776.000000
656.000000	-696.000000	12804.000000
276.000000	-3408.000000	10636.000000
-3648.000000	628.000000	5156.000000
1404.000000	-80.000000	-2988.000000
1908.000000	5280.000000	-4720.000000
-48.000000	2724.000000	-9084.000000
1756.000000	-1224.000000	-6232.000000
720.000000	-1428.000000	8020.000000
4880.000000	-1208.000000	1552.000000
5004.000000	-4120.000000	8828.000000
2652.000000	-6608.000000	18628.000000
2224.000000	-8424.000000	26444.000000
244.000000	-8624.000000	28560.000000
308.000000	-9440.000000	28220.000000
1368.000000	-7544.000000	30352.000000
-1664.000000	-7408.000000	32767.000000
-9280.000000	-4708.000000	32767.000000
1436.000000	-10936.000000	32767.000000
2900.000000	-21300.000000	32767.000000
6084.000000	-13476.000000	20508.000000
1396.000000	-1500.000000	22532.000000
20.000000	-3236.000000	20260.000000
568.000000	-7144.000000	21204.000000
1024.000000	-6532.000000	17232.000000
-348.000000	-3008.000000	14304.000000
-1488.000000	-2884.000000	12360.000000
-1216.000000	-3744.000000	11048.000000
-944.000000	-4300.000000	14344.000000
-1244.000000	-5732.000000	17164.000000
-1496.000000	-6588.000000	17816.000000
-1240.000000	-7096.000000	19092.000000
-612.000000	-7216.000000	19628.000000
-172.000000	-7544.000000	20164.000000
-292.000000	-13312.000000	23752.000000
424.000000	-8776.000000	22928.000000
592.000000	-8608.000000	23424.000000
2384.000000	-11708.000000	25460.000000
2192.000000	-8468.000000	25012.000000
2456.000000	-10172.000000	24256.000000
3356.000000	-7492.000000	22660.000000
3640.000000	-6156.000000	22560.000000
4408.000000	-6768.000000	21604.000000
4464.000000	-4852.000000	20720.000000
2532.000000	-6964.000000	15848.000000
4712.000000	-6120.000000	13004.000000
2504.000000	-3400.000000	10056.000000
4224.000000	-348.000000	9764.000000
4896.000000	-2468.000000	9660.000000
1176.000000	-1936.000000	10032.000000
516.000000	824.000000	6432.000000
-388.000000	1508.000000	2628.000000
-524.000000	1808.000000	1716.000000
-692.000000	1944.000000	1408.000000
-272.000000	1208.000000	5732.000000
-168.000000	-1660.000000	8944.000000
-92.000000	-796.000000	9976.000000
564.000000	-388.000000	10424.000000
1820.000000	-580.000000	11596.000000
2200.000000	-16.000000	11924.000000
2632.000000	-596.000000	13304.000000
2588.000000	-1528.000000	12532.000000
3580.000000	-1552.000000	13248.000000
4044.000000	-968.000000	13832.000000
4740.000000	-1656.000000	16728.000000
4680.000000	-2640.000000	18980.000000
4680.000000	-2732.000000	19468.000000
4856.000000	-2888.000000	20644.000000
4736.000000	-3552.000000	22128.000000
4140.000000	-3404.000000	19816.000000
3672.000000	-3072.000000	17788.000000
3208.000000	-2464.000000	14620.000000
3016.000000	-2444.000000	13068.000000
1940.000000	-1208.000000	11440.000000
2236.000000	-1816.000000	10104.000000
2228.000000	-1596.000000	9640.000000
2684.000000	-2812.000000	12692.000000
3184.000000	-3216.000000	15284.000000
3700.000000	-3912.000000	18592.000000
3228.000000	-3804.000000	18396.000000
3744.000000	-3740.000000	16824.000000
3584.000000	-2628.000000	16756.000000
3580.000000	-2188.000000	16032.000000
3536.000000	-1704.000000	16732.000000
3272.000000	-2316.000000	17024.000000
3072.000000	-1720.000000	16692.000000
3196.000000	-2124.000000	16136.000000
3196.000000	-2048.000000	16480.000000
3176.000000	-2356.000000	17204.000000
3244.000000	-1876.000000	17380.000000
3132.000000	-2332.000000	17452.000000
3588.000000	-2420.000000	18136.000000
3608.000000	-2684.000000	16912.000000
3416.000000	-2672.000000	16084.000000
3832.000000	-2592.000000	16588.000000
3364.000000	-2824.000000	16180.000000
3164.000000	-2592.000000	15560.000000
3100.000000	-3140.000000	15332.000000
3040.000000	-3100.000000	15204.000000
3028.000000	-2924.000000	14764.000000
3104.000000	-2492.000000	14164.000000
3280.000000	-2640.000000	14404.000000
3336.000000	-2484.000000	14504.000000
3616.000000	-2392.000000	15108.000000
3640.000000	-2716.000000	16080.000000
3952.000000	-2492.000000	16456.000000
3812.000000	-2724.000000	16696.000000
3544.000000	-2600.000000	15816.000000
3268.000000	-2492.000000	15408.000000
3040.000000	-2488.000000	15468.000000
3084.000000	-2384.000000	15436.000000
3148.000000	-2420.000000	16276.000000
3104.000000	-2640.000000	16544.000000
3300.000000	-2604.000000	16656.000000
3444.000000	-2372.000000	16700.000000
3400.000000	-2404.000000	15964.000000
3424.000000	-2468.000000	15968.000000
3456.000000	-2828.000000	16036.000000
3724.000000	-2812.000000	16200.000000
3540.000000	-3044.000000	15556.000000
3624.000000	-2944.000000	15644.000000
3532.000000	-2808.000000	15700.000000
3308.000000	-2972.000000	15556.000000
3240.000000	-2816.000000	14680.000000
3196.000000	-2408.000000	14676.000000
3244.000000	-2336.000000	15556.000000
3304.000000	-2704.000000	15728.000000
3308.000000	-2444.000000	15788.000000
3356.000000	-2288.000000	15900.000000
3792.000000	-2344.000000	16708.000000
3592.000000	-2764.000000	16692.000000
3248.000000	-2504.000000	16376.000000
3080.000000	-2336.000000	16376.000000
2968.000000	-2364.000000	16028.000000
2976.000000	-2100.000000	16360.000000
3060.000000	-2420.000000	16440.000000
3112.000000	-2360.000000	16116.000000
3232.000000	-2432.000000	16676.000000
3220.000000	-2424.000000	16476.000000
3288.000000	-2636.000000	16180.000000
3448.000000	-2552.000000	15832.000000
3516.000000	-2432.000000	15424.000000
3412.000000	-2424.000000	15216.000000
3308.000000	-2556.000000	15272.000000
3160.000000	-2600.000000	15728.000000
3196.000000	-2524.000000	15616.000000
3356.000000	-2216.000000	15972.000000
2864.000000	-2668.000000	15256.000000
3192.000000	-2440.000000	15340.000000
3220.000000	-2384.000000	15632.000000
3096.000000	-2324.000000	16172.000000
3112.000000	-2392.000000	15884.000000
3052.000000	-2160.000000	15696.000000
3028.000000	-2220.000000	15604.000000
3092.000000	-2372.000000	15984.000000
3156.000000	-2268.000000	16084.000000
3352.000000	-2220.000000	15972.000000
3220.000000	-2516.000000	15992.000000
3340.000000	-2340.000000	16560.000000
3328.000000	-2328.000000	16540.000000
3244.000000	-2516.000000	16440.000000
3236.000000	-2512.000000	16260.000000
3304.000000	-2340.000000	16316.000000
3104.000000	-2936.000000	16084.000000
3176.000000	-2564.000000	15864.000000
3132.000000	-2392.000000	15288.000000
2964.000000	-2236.000000	15324.000000
3000.000000	-2388.000000	15624.000000
3232.000000	-2464.000000	16244.000000
3284.000000	-2352.000000	16060.000000
3068.000000	-2204.000000	15868.000000
2960.000000	-2268.000000	15928.000000
3256.000000	-2140.000000	16240.000000
3084.000000	-2264.000000	16088.000000
3064.000000	-2436.000000	15644.000000
3172.000000	-2384.000000	16084.000000
3020.000000	-2456.000000	16268.000000
3196.000000	-2616.000000	16544.000000
3088.000000	-2324.000000	16324.000000
3012.000000	-2264.000000	15616.000000
3048.000000	-2244.000000	15252.000000
2816.000000	-2252.000000	15140.000000
2968.000000	-2112.000000	15336.000000
2936.000000	-2388.000000	15344.000000
2940.000000	-2320.000000	15116.000000
3040.000000	-2420.000000	15856.000000
3200.000000	-2372.000000	16976.000000
3300.000000	-2412.000000	17324.000000
3348.000000	-2320.000000	17436.000000
3148.000000	-2392.000000	16756.000000
3216.000000	-2336.000000	16556.000000
3176.000000	-2448.000000	16300.000000
3176.000000	-2676.000000	15928.000000
3172.000000	-2248.000000	15928.000000
2948.000000	-2428.000000	15556.000000
3160.000000	-2212.000000	15476.000000
3180.000000	-2256.000000	15516.000000
3208.000000	-2368.000000	15648.000000
3232.000000	-2404.000000	15904.000000
3352.000000	-2480.000000	15760.000000
3168.000000	-2500.000000	15756.000000
3228.000000	-2536.000000	15872.000000
3240.000000	-2732.000000	15648.000000
3160.000000	-2400.000000	16152.000000
3108.000000	-3268.000000	15468.000000
3288.000000	-2048.000000	15236.000000
2972.000000	-2292.000000	15424.000000
2892.000000	-2272.000000	15416.000000
3004.000000	-1780.000000	15116.000000
3044.000000	-1968.000000	15576.000000
3216.000000	-2244.000000	16628.000000
3140.000000	-2328.000000	16736.000000
3048.000000	-2180.000000	16380.000000
3008.000000	-2392.000000	16052.000000
2900.000000	-2292.000000	15568.000000
2948.000000	-2292.000000	15380.000000
3160.000000	-2032.000000	15888.000000
3028.000000	-2140.000000	15688.000000
3276.000000	-1956.000000	15984.000000
2960.000000	-2024.000000	15884.000000
2944.000000	-2196.000000	16408.000000
3068.000000	-2080.000000	16808.000000
2968.000000	-2156.000000	16096.000000
2976.000000	-1992.000000	15592.000000
2924.000000	-2216.000000	15644.000000
2992.000000	-2128.000000	16324.000000
3004.000000	-2364.000000	16088.000000
2836.000000	-2416.000000	16444.000000
2916.000000	-2404.000000	16696.000000
2880.000000	-2312.000000	16560.000000
2916.000000	-2360.000000	16484.000000
2584.000000	-2284.000000	16048.000000
2892.000000	-2244.000000	16072.000000
3008.000000	-2260.000000	16088.000000
3016.000000	-2344.000000	15932.000000
2984.000000	-2220.000000	15760.000000
3052.000000	-2344.000000	15736.000000
3076.000000	-2232.000000	16260.000000
2968.000000	-2260.000000	15752.000000
3028.000000	-2060.000000	15392.000000
3132.000000	-1964.000000	15216.000000
3220.000000	-1980.000000	15532.000000
3392.000000	-1804.000000	16104.000000
3100.000000	-2244.000000	15908.000000
3324.000000	-2156.000000	16380.000000
3192.000000	-2152.000000	15688.000000
3064.000000	-2388.000000	15576.000000
3116.000000	-2204.000000	15612.000000
3016.000000	-1988.000000	15564.000000
2852.000000	-1924.000000	15900.000000
2884.000000	-1892.000000	15776.000000
2876.000000	-1876.000000	15952.000000
2856.000000	-1892.000000	15716.000000
3072.000000	-1848.000000	16280.000000
3092.000000	-1844.000000	16692.000000
3204.000000	-2020.000000	16156.000000
3056.000000	-2316.000000	16696.000000
3040.000000	-2424.000000	16328.000000
2988.000000	-2176.000000	15736.000000
3072.000000	-2144.000000	15532.000000
3056.000000	-1976.000000	15436.000000
3128.000000	-2212.000000	16004.000000
3096.000000	-2244.000000	15868.000000
3080.000000	-2180.000000	15788.000000
2924.000000	-2192.000000	15760.000000
2916.000000	-2444.000000	16412.000000
2984.000000	-2116.000000	16328.000000
3004.000000	-1892.000000	15920.000000
3056.000000	-1784.000000	15836.000000
2972.000000	-1968.000000	15860.000000
2972.000000	-1784.000000	16024.000000
3028.000000	-1800.000000	15944.000000
3040.000000	-1788.000000	16100.000000
2884.000000	-1900.000000	15884.000000
2904.000000	-1712.000000	15716.000000
3048.000000	-1936.000000	16000.000000
2968.000000	-2140.000000	16096.000000
2960.000000	-2060.000000	16164.000000
2960.000000	-2308.000000	16216.000000
2924.000000	-2176.000000	16020.000000
3104.000000	-1900.000000	16012.000000
3044.000000	-1944.000000	15484.000000
3012.000000	-2016.000000	15812.000000
3104.000000	-2008.000000	15944.000000
3044.000000	-1960.000000	15908.000000
3076.000000	-2100.000000	16432.000000
3076.000000	-2012.000000	16092.000000
3064.000000	-1852.000000	15544.000000
3056.000000	-1880.000000	15364.000000
3236.000000	-1792.000000	15692.000000
3232.000000	-2036.000000	16252.000000
2932.000000	-2136.000000	16244.000000
2996.000000	-2024.000000	16096.000000
2960.000000	-2032.000000	15788.000000
3020.000000	-2048.000000	15908.000000
3124.000000	-2020.000000	16228.000000
3024.000000	-2084.000000	16068.000000
2912.000000	-1980.000000	15488.000000
2748.000000	-1848.000000	15600.000000
2980.000000	-1880.000000	16108.000000
2880.000000	-1872.000000	16232.000000
2980.000000	-2044.000000	16504.000000
3060.000000	-2128.000000	16916.000000
3060.000000	-2016.000000	16996.000000
2960.000000	-2144.000000	16424.000000
2780.000000	-2172.000000	15924.000000
2732.000000	-2172.000000	16020.000000
2716.000000	-2352.000000	15952.000000
2832.000000	-1880.000000	16092.000000
2728.000000	-1872.000000	15456.000000
2784.000000	-1784.000000	15256.000000
3200.000000	-1688.000000	15508.000000
2800.000000	-2972.000000	16308.000000
3580.000000	-1636.000000	15860.000000
3184.000000	-1488.000000	15692.000000
2964.000000	-1244.000000	15016.000000
2800.000000	-1360.000000	14896.000000
2616.000000	-1296.000000	14320.000000
2524.000000	-1344.000000	14788.000000
2584.000000	-1396.000000	14952.000000
2616.000000	-1420.000000	15216.000000
2920.000000	-1592.000000	15508.000000
2712.000000	-1352.000000	15444.000000
2624.000000	-1324.000000	15324.000000
2892.000000	-1324.000000	14908.000000
2112.000000	-1396.000000	14520.000000
2436.000000	-1532.000000	13980.000000
2280.000000	-1356.000000	13472.000000
1636.000000	-1408.000000	13144.000000
1780.000000	-1616.000000	11492.000000
1736.000000	-1464.000000	12216.000000
1100.000000	-688.000000	9480.000000
524.000000	-744.000000	8444.000000
488.000000	-1388.000000	9368.000000
408.000000	-972.000000	9540.000000
2224.000000	2764.000000	12848.000000
272.000000	1272.000000	4052.000000
304.000000	-380.000000	1448.000000
636.000000	320.000000	-1392.000000
588.000000	-2340.000000	-704.000000
536.000000	-1640.000000	-3320.000000
-284.000000	-5200.000000	2392.000000
808.000000	-1960.000000	752.000000
2920.000000	-4440.000000	3828.000000
3964.000000	-7692.000000	10716.000000
4656.000000	-9800.000000	17584.000000
2692.000000	-11484.000000	22000.000000
1240.000000	-12868.000000	32767.000000
-20084.000000	-29504.000000	32767.000000
32767.000000	-32768.000000	28568.000000
8480.000000	-19708.000000	14936.000000
6476.000000	-7616.000000	28244.000000
-112.000000	-2716.000000	17928.000000
3964.000000	-2356.000000	27124.000000
8608.000000	-3744.000000	26236.000000
3124.000000	-11608.000000	19824.000000
2680.000000	-9848.000000	14048.000000
-2820.000000	-5436.000000	9044.000000
-920.000000	-3176.000000	8216.000000
-2052.000000	-6540.000000	9404.000000
-1224.000000	-6916.000000	13644.000000
-272.000000	-6540.000000	15864.000000
1212.000000	-8864.000000	18108.000000
552.000000	-9208.000000	15748.000000
496.000000	-7664.000000	15372.000000
1068.000000	-8620.000000	17276.000000
-76.000000	-7748.000000	16024.000000
-1744.000000	-2712.000000	14852.000000
-452.000000	-4160.000000	14392.000000
1112.000000	-6316.000000	14744.000000
1180.000000	-6556.000000	16444.000000
892.000000	-5468.000000	17140.000000
316.000000	-6544.000000	19424.000000
840.000000	-9624.000000	26048.000000
844.000000	-10472.000000	27936.000000
2524.000000	-7596.000000	24844.000000
3676.000000	-4676.000000	20412.000000
3876.000000	-3784.000000	16944.000000
2352.000000	-14100.000000	12768.000000
3104.000000	-2620.000000	15120.000000
3240.000000	-1284.000000	13696.000000
2904.000000	-4212.000000	11920.000000
3232.000000	-6548.000000	11088.000000
2416.000000	-6128.000000	14612.000000
5840.000000	-4932.000000	14964.000000
3536.000000	-5376.000000	12192.000000
-776.000000	-6872.000000	4264.000000
1932.000000	-1520.000000	6208.000000
932.000000	-656.000000	7344.000000
200.000000	-816.000000	7432.000000
-524.000000	-3424.000000	10224.000000
1644.000000	-4048.000000	14648.000000
2044.000000	-2008.000000	15012.000000
608.000000	-1556.000000	12248.000000
1504.000000	-1256.000000	12052.000000
256.000000	-1492.000000	10636.000000
2060.000000	-1896.000000	10496.000000
252.000000	-1960.000000	10632.000000
924.000000	-2596.000000	12352.000000
1712.000000	-2808.000000	13968.000000
2320.000000	-3624.000000	15956.000000
2856.000000	-4560.000000	18324.000000
2936.000000	-4228.000000	18344.000000
2844.000000	-4112.000000	16532.000000
2768.000000	-3780.000000	15940.000000
3708.000000	-3832.000000	17088.000000
3640.000000	-4448.000000	18172.000000
4148.000000	-4300.000000	19252.000000
3712.000000	-4300.000000	19128.000000
3556.000000	-4216.000000	17572.000000
3968.000000	-5508.000000	18048.000000
2180.000000	-5376.000000	18296.000000
3524.000000	-3588.000000	17552.000000
2016.000000	-4596.000000	15556.000000
2476.000000	-3608.000000	15112.000000
2700.000000	-3604.000000	13412.000000
3016.000000	-2804.000000	13504.000000
2892.000000	-3044.000000	14096.000000
2704.000000	-3404.000000	13448.000000
2844.000000	-3400.000000	13500.000000
3188.000000	-1648.000000	13960.000000
2144.000000	-3304.000000	12932.000000
3132.000000	-2756.000000	13660.000000
3116.000000	-3504.000000	14608.000000
3996.000000	-3288.000000	15740.000000
4196.000000	-2328.000000	14892.000000
4412.000000	-3584.000000	16876.000000
4300.000000	-3536.000000	16772.000000
4176.000000	-3356.000000	17300.000000
4352.000000	-3528.000000	18052.000000
3964.000000	-3440.000000	16652.000000
3792.000000	-2392.000000	15188.000000
3004.000000	-3408.000000	14816.000000
4316.000000	-5408.000000	14864.000000
3188.000000	-3292.000000	15120.000000
3828.000000	-4684.000000	14968.000000
3580.000000	-3232.000000	15100.000000
3620.000000	-3920.000000	15796.000000
3788.000000	-3776.000000	17048.000000
3812.000000	-3948.000000	16524.000000
4184.000000	-4672.000000	17108.000000
3324.000000	-2900.000000	15916.000000
3316.000000	-4016.000000	15856.000000
3144.000000	-3300.000000	14904.000000
3172.000000	-3216.000000	14828.000000
3016.000000	-3696.000000	14428.000000
3184.000000	-3548.000000	14764.000000
3120.000000	-3404.000000	14876.000000
3328.000000	-3104.000000	15000.000000
3104.000000	-3672.000000	14752.000000
3320.000000	-3772.000000	16040.000000
3520.000000	-3920.000000	16188.000000
3568.000000	-3964.000000	16236.000000
3720.000000	-3948.000000	16492.000000
3776.000000	-3876.000000	16440.000000
3644.000000	-3408.000000	15720.000000
3904.000000	-3472.000000	15884.000000
3668.000000	-3508.000000	15808.000000
3580.000000	-3340.000000	15556.000000
3504.000000	-3600.000000	15224.000000
3432.000000	-3996.000000	15776.000000
3496.000000	-3824.000000	15680.000000
3416.000000	-3284.000000	14944.000000
3492.000000	-3332.000000	15040.000000
3704.000000	-2928.000000	15412.000000
3444.000000	-3212.000000	15272.000000
3380.000000	-3444.000000	15292.000000
3320.000000	-3260.000000	15256.000000
3176.000000	-3484.000000	15472.000000
3328.000000	-3488.000000	15104.000000
3680.000000	-3120.000000	15928.000000
3456.000000	-4004.000000	16196.000000
3528.000000	-3732.000000	16300.000000
3788.000000	-3424.000000	16616.000000
3572.000000	-3804.000000	16196.000000
3368.000000	-3872.000000	15992.000000
3140.000000	-3964.000000	15936.000000
3236.000000	-3680.000000	15532.000000
4656.000000	-4200.000000	14996.000000
3944.000000	-4068.000000	15952.000000
3508.000000	-3816.000000	15828.000000
3508.000000	-3400.000000	15660.000000
3688.000000	-4136.000000	16292.000000
3800.000000	-3768.000000	16416.000000
3384.000000	-4684.000000	16072.000000
3808.000000	-4228.000000	16456.000000
2884.000000	-1948.000000	15576.000000
3916.000000	-4024.000000	15836.000000
3480.000000	-3460.000000	15264.000000
3432.000000	-3240.000000	15408.000000
3600.000000	-3400.000000	15760.000000
3580.000000	-3352.000000	15516.000000
3700.000000	-3620.000000	15672.000000
3548.000000	-3496.000000	15872.000000
3696.000000	-3216.000000	15232.000000
2340.000000	-3008.000000	14672.000000
3096.000000	-3988.000000	15676.000000
3240.000000	-3956.000000	15308.000000
3444.000000	-3300.000000	15388.000000
3604.000000	-3540.000000	15872.000000
3604.000000	-3756.000000	16012.000000
3640.000000	-3352.000000	15556.000000
3624.000000	-3156.000000	15400.000000
3540.000000	-3300.000000	15608.000000
3624.000000	-3416.000000	15752.000000
3520.000000	-3292.000000	15736.000000
3160.000000	-3896.000000	16016.000000
3396.000000	-3344.000000	15372.000000
3196.000000	-3464.000000	15052.000000
3208.000000	-3364.000000	15388.000000
3344.000000	-3132.000000	15072.000000
3288.000000	-3328.000000	15020.000000
3516.000000	-3512.000000	16244.000000
3688.000000	-3804.000000	16736.000000
3684.000000	-3820.000000	16764.000000
3504.000000	-3504.000000	16056.000000
3476.000000	-3676.000000	15576.000000
3272.000000	-3392.000000	15688.000000
3356.000000	-3944.000000	15600.000000
3192.000000	-3680.000000	15508.000000
3540.000000	-3472.000000	15796.000000
3216.000000	-3844.000000	15660.000000
3452.000000	-3580.000000	15560.000000
3588.000000	-3620.000000	15708.000000
3556.000000	-3516.000000	15864.000000
3520.000000	-3444.000000	15628.000000
3196.000000	-3348.000000	15060.000000
3240.000000	-3752.000000	15372.000000
3432.000000	-3464.000000	15780.000000
3416.000000	-3532.000000	15388.000000
3428.000000	-3328.000000	15204.000000
3636.000000	-3596.000000	16276.000000
3624.000000	-3756.000000	16380.000000
3576.000000	-3812.000000	16580.000000
3360.000000	-3804.000000	15912.000000
3224.000000	-3500.000000	15336.000000
3228.000000	-3420.000000	15148.000000
3236.000000	-3072.000000	15420.000000
3328.000000	-3572.000000	15808.000000
3284.000000	-3364.000000	15716.000000
3328.000000	-3244.000000	15760.000000
3548.000000	-3480.000000	16128.000000
3476.000000	-3792.000000	16020.000000
3532.000000	-3300.000000	15964.000000
3616.000000	-3268.000000	16064.000000
3200.000000	-3444.000000	15868.000000
3252.000000	-3372.000000	15668.000000
3320.000000	-3292.000000	15420.000000
3440.000000	-3484.000000	15268.000000
3468.000000	-3420.000000	15348.000000
3516.000000	-3204.000000	15184.000000
3300.000000	-3368.000000	15200.000000
3516.000000	-3540.000000	15144.000000
3516.000000	-3616.000000	15764.000000
3660.000000	-3644.000000	16212.000000
3576.000000	-3584.000000	16188.000000
3560.000000	-3588.000000	15892.000000
3348.000000	-3552.000000	15816.000000
3260.000000	-3404.000000	15864.000000
3308.000000	-3480.000000	15588.000000
3384.000000	-3416.000000	15768.000000
3492.000000	-3216.000000	15868.000000
3404.000000	-3444.000000	15628.000000
3200.000000	-2608.000000	15872.000000
3388.000000	-3116.000000	15920.000000
3340.000000	-3516.000000	16400.000000
3388.000000	-3628.000000	16144.000000
3396.000000	-3284.000000	15744.000000
3364.000000	-3392.000000	15540.000000
3464.000000	-3224.000000	15796.000000
3268.000000	-3304.000000	15736.000000
3316.000000	-3348.000000	15492.000000
3568.000000	-3320.000000	15512.000000
3416.000000	-3196.000000	15408.000000
3376.000000	-2940.000000	15272.000000
3528.000000	-2884.000000	15004.000000
3540.000000	-3028.000000	15432.000000
3596.000000	-3456.000000	15672.000000
3532.000000	-3484.000000	15888.000000
3560.000000	-3544.000000	16020.000000
3476.000000	-3400.000000	15688.000000
3596.000000	-3396.000000	15744.000000
3340.000000	-3200.000000	15224.000000
3388.000000	-3252.000000	15496.000000
3312.000000	-3148.000000	15816.000000
3268.000000	-3276.000000	15084.000000
3408.000000	-3180.000000	15716.000000
3336.000000	-3240.000000	15684.000000
3324.000000	-3196.000000	15440.000000
3312.000000	-3460.000000	15916.000000
3240.000000	-3556.000000	15944.000000
3308.000000	-3772.000000	16036.000000
3324.000000	-3164.000000	15396.000000
3108.000000	-3284.000000	16204.000000
3560.000000	-3312.000000	16284.000000
3372.000000	-3244.000000	16280.000000
3332.000000	-3292.000000	15992.000000
3288.000000	-3140.000000	15572.000000
3360.000000	-3120.000000	15560.000000
3284.000000	-3120.000000	15388.000000
3324.000000	-3476.000000	15684.000000
3392.000000	-3560.000000	15900.000000
3496.000000	-3316.000000	15732.000000
3404.000000	-3336.000000	15788.000000
3556.000000	-3284.000000	16104.000000
3516.000000	-3488.000000	16132.000000
3504.000000	-3208.000000	15644.000000
3544.000000	-3188.000000	15436.000000
3696.000000	-3060.000000	15176.000000
3720.000000	-3120.000000	15408.000000
3708.000000	-3184.000000	15860.000000
3584.000000	-3348.000000	16064.000000
3576.000000	-3360.000000	15420.000000
3152.000000	-3244.000000	14916.000000
3324.000000	-3044.000000	14560.000000
3420.000000	-2812.000000	14740.000000
3488.000000	-3012.000000	16032.000000
3072.000000	-3088.000000	15616.000000
3248.000000	-3036.000000	15496.000000
3204.000000	-2956.000000	15516.000000
3280.000000	-3140.000000	15948.000000
3412.000000	-3376.000000	16108.000000
3276.000000	-3324.000000	15688.000000
3252.000000	-3120.000000	15700.000000
3220.000000	-2900.000000	15116.000000
3308.000000	-3256.000000	14912.000000
3408.000000	-2804.000000	14644.000000
2960.000000	-3008.000000	14156.000000
3204.000000	-3724.000000	14336.000000
3480.000000	-3396.000000	16360.000000
3784.000000	-3648.000000	16280.000000
4480.000000	-4076.000000	16544.000000
4304.000000	-4252.000000	16756.000000
4472.000000	-4240.000000	17232.000000
4488.000000	-4580.000000	18028.000000
4096.000000	-4328.000000	17936.000000
3844.000000	-3784.000000	16192.000000
3840.000000	-3196.000000	15248.000000
3748.000000	-3196.000000	15820.000000
4088.000000	-3388.000000	15948.000000
3604.000000	-3884.000000	15848.000000
3624.000000	-2808.000000	15900.000000
3452.000000	-3520.000000	15752.000000
3644.000000	-3520.000000	15760.000000
3356.000000	-3224.000000	15360.000000
3400.000000	-3432.000000	15336.000000
2320.000000	-3192.000000	15040.000000
3080.000000	-4152.000000	14156.000000
3256.000000	-3044.000000	14424.000000
3536.000000	-3392.000000	14740.000000
3860.000000	-3660.000000	15556.000000
4148.000000	-3832.000000	16148.000000
4172.000000	-4132.000000	16700.000000
4336.000000	-4288.000000	16904.000000
4452.000000	-4348.000000	16888.000000
4436.000000	-4016.000000	16616.000000
4348.000000	-3812.000000	16056.000000
4072.000000	-3448.000000	15184.000000
4128.000000	-3600.000000	14900.000000
4012.000000	-3756.000000	15076.000000
3972.000000	-3764.000000	15048.000000
3912.000000	-3940.000000	14748.000000
4016.000000	-3804.000000	14856.000000
3848.000000	-4168.000000	14788.000000
3784.000000	-4036.000000	15072.000000
3548.000000	-4032.000000	15548.000000
3780.000000	-5108.000000	16252.000000
3912.000000	-3856.000000	15544.000000
3656.000000	-4328.000000	15552.000000
1748.000000	-1408.000000	15840.000000
3940.000000	-2296.000000	14632.000000
6188.000000	-1280.000000	15436.000000
724.000000	-2332.000000	13876.000000
2880.000000	-968.000000	14444.000000
2728.000000	-1704.000000	15464.000000
3272.000000	-2876.000000	15880.000000
5340.000000	-1860.000000	16740.000000
4820.000000	-1984.000000	15684.000000
3908.000000	-3340.000000	16856.000000
4120.000000	-2772.000000	16584.000000
3976.000000	-2812.000000	15960.000000
3896.000000	-2760.000000	15744.000000
4056.000000	-2696.000000	15520.000000
4208.000000	-2896.000000	15320.000000
3984.000000	-2712.000000	15296.000000
4044.000000	-3080.000000	15352.000000
4012.000000	-3360.000000	15664.000000
4360.000000	-2812.000000	15404.000000
4320.000000	-3944.000000	15644.000000
4032.000000	-3204.000000	15124.000000
4224.000000	-3564.000000	15252.000000
3692.000000	-3868.000000	14512.000000
4008.000000	-3216.000000	14920.000000
3972.000000	-3548.000000	15508.000000
3856.000000	-3556.000000	15888.000000
3868.000000	-4028.000000	16212.000000
4312.000000	-3600.000000	16756.000000
4440.000000	-3452.000000	16716.000000
4504.000000	-2832.000000	16052.000000
4248.000000	-2600.000000	15556.000000
4304.000000	-2700.000000	15452.000000
4392.000000	-2536.000000	15996.000000
4592.000000	-2184.000000	15560.000000
4132.000000	-1888.000000	14724.000000
3652.000000	-3944.000000	16040.000000
4316.000000	-2568.000000	15144.000000
4700.000000	-3524.000000	14756.000000
4424.000000	-3184.000000	15768.000000
4380.000000	-3156.000000	15396.000000
5132.000000	-3604.000000	13832.000000
4888.000000	-4444.000000	14268.000000
4604.000000	-2668.000000	15388.000000
4704.000000	-2812.000000	15456.000000
4588.000000	-3224.000000	15228.000000
4744.000000	-2928.000000	14760.000000
4928.000000	-3056.000000	14936.000000
4804.000000	-3040.000000	15040.000000
5100.000000	-2892.000000	14824.000000
5112.000000	-2532.000000	15164.000000
5056.000000	-3052.000000	15584.000000
4884.000000	-2944.000000	16184.000000
5044.000000	-2852.000000	15248.000000
5068.000000	-3388.000000	15352.000000
5236.000000	-4032.000000	15764.000000
4416.000000	-5048.000000	14808.000000
5420.000000	-1732.000000	16128.000000
5728.000000	-1372.000000	15540.000000
4840.000000	-2512.000000	15080.000000
4592.000000	-2556.000000	15108.000000
4624.000000	-2136.000000	14812.000000
4580.000000	-2560.000000	15508.000000
4280.000000	-3280.000000	15932.000000
4332.000000	-2652.000000	15172.000000
4276.000000	-2664.000000	15348.000000
3984.000000	-2304.000000	14888.000000
3964.000000	-2568.000000	15040.000000
3960.000000	-2368.000000	15624.000000
3992.000000	-2452.000000	15504.000000
4088.000000	-2076.000000	15980.000000
4136.000000	-2080.000000	15544.000000
4276.000000	-2284.000000	16064.000000
4268.000000	-2712.000000	16052.000000
4232.000000	-3084.000000	16728.000000
4200.000000	-3132.000000	16132.000000
4240.000000	-1364.000000	15476.000000
5668.000000	-2620.000000	16832.000000
4116.000000	-1004.000000	16416.000000
4696.000000	-3132.000000	16504.000000
5692.000000	-3228.000000	16464.000000
4136.000000	-3192.000000	15308.000000
2972.000000	-3992.000000	14524.000000
3036.000000	-2560.000000	14428.000000
4740.000000	-3024.000000	15476.000000
4372.000000	-3144.000000	15860.000000
3824.000000	-3872.000000	14616.000000
4952.000000	-4028.000000	15352.000000
3712.000000	-4316.000000	16076.000000
4248.000000	-3660.000000	15700.000000
4308.000000	-4204.000000	16236.000000
4516.000000	-4396.000000	16856.000000
4596.000000	-3196.000000	16064.000000
4840.000000	-4136.000000	16692.000000
4356.000000	-3152.000000	15924.000000
4212.000000	-3120.000000	15892.000000
4088.000000	-3164.000000	15788.000000
4364.000000	-3280.000000	15800.000000
4400.000000	-3404.000000	15660.000000
4656.000000	-3192.000000	16188.000000
4760.000000	-3244.000000	16360.000000
4744.000000	-3304.000000	16236.000000
4572.000000	-3180.000000	15940.000000
4160.000000	-2692.000000	15352.000000
4304.000000	-2696.000000	14840.000000
4144.000000	-2628.000000	15112.000000
4272.000000	-2472.000000	15328.000000
4540.000000	-2320.000000	15616.000000
4172.000000	-2668.000000	15764.000000
5944.000000	-1920.000000	15712.000000
4656.000000	-2388.000000	15300.000000
4984.000000	-2084.000000	15184.000000
4872.000000	-2504.000000	15256.000000
4832.000000	-2284.000000	15272.000000
4624.000000	-2320.000000	15048.000000
4612.000000	-2484.000000	14624.000000
4500.000000	-2192.000000	14152.000000
4708.000000	-2380.000000	15092.000000
4664.000000	-2416.000000	14904.000000
4800.000000	-2700.000000	15560.000000
4800.000000	-2896.000000	15632.000000
4748.000000	-3052.000000	15508.000000
4784.000000	-3204.000000	15488.000000
4680.000000	-2900.000000	15560.000000
4712.000000	-2404.000000	15220.000000
4544.000000	-2616.000000	15040.000000
4408.000000	-2136.000000	15256.000000
4768.000000	-3828.000000	16716.000000
5340.000000	-1280.000000	14628.000000
4188.000000	-3248.000000	15564.000000
4764.000000	-2324.000000	16796.000000
4504.000000	-2396.000000	16044.000000
4636.000000	-2524.000000	16192.000000
4612.000000	-2412.000000	16080.000000
4428.000000	-2652.000000	15888.000000
4392.000000	-2628.000000	15844.000000
4368.000000	-2472.000000	15464.000000
4232.000000	-2324.000000	15148.000000
4600.000000	-2072.000000	15224.000000
4164.000000	-2424.000000	15100.000000
4724.000000	-1752.000000	15544.000000
4916.000000	-2308.000000	16172.000000
4732.000000	-2400.000000	16212.000000
4724.000000	-2172.000000	16296.000000
3988.000000	-3872.000000	15872.000000
4576.000000	-2412.000000	16160.000000
4492.000000	-2444.000000	15504.000000
4756.000000	-2088.000000	15604.000000
4560.000000	-2832.000000	15572.000000
4768.000000	-2292.000000	15680.000000
4944.000000	-2044.000000	15796.000000
4476.000000	-2688.000000	15520.000000
4936.000000	-2524.000000	15904.000000
4752.000000	-1868.000000	15600.000000
4612.000000	-2292.000000	15620.000000
5064.000000	-2696.000000	15904.000000
4524.000000	-2048.000000	15124.000000
4704.000000	-2480.000000	15276.000000
4760.000000	-2332.000000	15252.000000
4744.000000	-2328.000000	15396.000000
4608.000000	-2468.000000	15288.000000
4624.000000	-2584.000000	15748.000000
4688.000000	-2696.000000	15520.000000
4580.000000	-2580.000000	15664.000000
4508.000000	-2552.000000	15696.000000
4444.000000	-2580.000000	15616.000000
4508.000000	-2728.000000	15552.000000
4636.000000	-2492.000000	15464.000000
4676.000000	-2352.000000	15776.000000
4728.000000	-2356.000000	15680.000000
4668.000000	-2304.000000	15560.000000
4664.000000	-2048.000000	15356.000000
4528.000000	-2356.000000	15744.000000
4536.000000	-2416.000000	15492.000000
4732.000000	-2280.000000	15760.000000
