3136.000000	3804.000000	15964.000000
1724.000000	3644.000000	15100.000000
3048.000000	4252.000000	16596.000000
3260.000000	4552.000000	16004.000000
3128.000000	3240.000000	15368.000000
3172.000000	2984.000000	15724.000000
3368.000000	2944.000000	15800.000000
3368.000000	2940.000000	15296.000000
3528.000000	3140.000000	15696.000000
3552.000000	3000.000000	16120.000000
3792.000000	3028.000000	16104.000000
3440.000000	2872.000000	16300.000000
3444.000000	2844.000000	16768.000000
3396.000000	2700.000000	16748.000000
3200.000000	2500.000000	16732.000000
3320.000000	2552.000000	16808.000000
3260.000000	2408.000000	16448.000000
3292.000000	2212.000000	15736.000000
3068.000000	1816.000000	15888.000000
2928.000000	2348.000000	16428.000000
3504.000000	1608.000000	16208.000000
3256.000000	1588.000000	16488.000000
3168.000000	1844.000000	16520.000000
3228.000000	2008.000000	16516.000000
3204.000000	2172.000000	17224.000000
3172.000000	2436.000000	17088.000000
2824.000000	2028.000000	16660.000000
2884.000000	2116.000000	16280.000000
2740.000000	2784.000000	15808.000000
2744.000000	2916.000000	15104.000000
2704.000000	2736.000000	15624.000000
2712.000000	2836.000000	16000.000000
2816.000000	3120.000000	16084.000000
3332.000000	3648.000000	16624.000000
2416.000000	2648.000000	17352.000000
2236.000000	3948.000000	17088.000000
2560.000000	3056.000000	16244.000000
2584.000000	3060.000000	16232.000000
2916.000000	3496.000000	16212.000000
2692.000000	2760.000000	16148.000000
2800.000000	2652.000000	16276.000000
2736.000000	2748.000000	17092.000000
2772.000000	2700.000000	17668.000000
2700.000000	3020.000000	17616.000000
2640.000000	3092.000000	17396.000000
2700.000000	3036.000000	16880.000000
2704.000000	2784.000000	16488.000000
2732.000000	2720.000000	16292.000000
2728.000000	2600.000000	15956.000000
2816.000000	2616.000000	16056.000000
2812.000000	2656.000000	15916.000000
2844.000000	2700.000000	15748.000000
3048.000000	2852.000000	16084.000000
2892.000000	2976.000000	16364.000000
2940.000000	2844.000000	16416.000000
2968.000000	2524.000000	16296.000000
3024.000000	2392.000000	16256.000000
2960.000000	2368.000000	16048.000000
2964.000000	2312.000000	16456.000000
2932.000000	2348.000000	16792.000000
3016.000000	3000.000000	16744.000000
2916.000000	3012.000000	16520.000000
2820.000000	2992.000000	16216.000000
3016.000000	2564.000000	16216.000000
3004.000000	2388.000000	16056.000000
3504.000000	2912.000000	15760.000000
3116.000000	3108.000000	17096.000000
3248.000000	2852.000000	16612.000000
3252.000000	2664.000000	16688.000000
3332.000000	2900.000000	16816.000000
3276.000000	2984.000000	16324.000000
3160.000000	2680.000000	15644.000000
3272.000000	2744.000000	15232.000000
3384.000000	2564.000000	15700.000000
3472.000000	2632.000000	15956.000000
3456.000000	2832.000000	16188.000000
3472.000000	3252.000000	16636.000000
3488.000000	2960.000000	16396.000000
3448.000000	3100.000000	15944.000000
3576.000000	2960.000000	16160.000000
3404.000000	2672.000000	16004.000000
3416.000000	2808.000000	15724.000000
3448.000000	2632.000000	15544.000000
3432.000000	2540.000000	15292.000000
3532.000000	2652.000000	15340.000000
3600.000000	2764.000000	15724.000000
3504.000000	2972.000000	16176.000000
3608.000000	2988.000000	16160.000000
3640.000000	3076.000000	16728.000000
3732.000000	2908.000000	16968.000000
3616.000000	3100.000000	17168.000000
3652.000000	3044.000000	17204.000000
3464.000000	2700.000000	16848.000000
3484.000000	2596.000000	16292.000000
3336.000000	2672.000000	15448.000000
3240.000000	2764.000000	15288.000000
3204.000000	2836.000000	15208.000000
3384.000000	2836.000000	16152.000000
3476.000000	2956.000000	16804.000000
3352.000000	3024.000000	17584.000000
3356.000000	3264.000000	17472.000000
3356.000000	2916.000000	16864.000000
3628.000000	2876.000000	16060.000000
3552.000000	2624.000000	15248.000000
3308.000000	2792.000000	14988.000000
3120.000000	2484.000000	15124.000000
3532.000000	2412.000000	15612.000000
3312.000000	3036.000000	16272.000000
3532.000000	3196.000000	16304.000000
3436.000000	3700.000000	16272.000000
3564.000000	3492.000000	16592.000000
3600.000000	3364.000000	16984.000000
3804.000000	2888.000000	16776.000000
3500.000000	2836.000000	15796.000000
3524.000000	2628.000000	15608.000000
3336.000000	2672.000000	15324.000000
3384.000000	2508.000000	15408.000000
3448.000000	2752.000000	15844.000000
3332.000000	2984.000000	16272.000000
3584.000000	3196.000000	15776.000000
3376.000000	3428.000000	15560.000000
3352.000000	2824.000000	15420.000000
3320.000000	2360.000000	15556.000000
3288.000000	2392.000000	15344.000000
3148.000000	2200.000000	15232.000000
4060.000000	2420.000000	15676.000000
3216.000000	3788.000000	15784.000000
2936.000000	3092.000000	16140.000000
2620.000000	2872.000000	16092.000000
2704.000000	3548.000000	16196.000000
2868.000000	3436.000000	16480.000000
2532.000000	2788.000000	15792.000000
2716.000000	3336.000000	15868.000000
3484.000000	4596.000000	16092.000000
2956.000000	3772.000000	17652.000000
2668.000000	3064.000000	17084.000000
2476.000000	3348.000000	17844.000000
2028.000000	3540.000000	18060.000000
2036.000000	3560.000000	16864.000000
2148.000000	3416.000000	17284.000000
1964.000000	3124.000000	16480.000000
2076.000000	2880.000000	16464.000000
1944.000000	2808.000000	16328.000000
2108.000000	3160.000000	16616.000000
1728.000000	3120.000000	16764.000000
1716.000000	3164.000000	17068.000000
1856.000000	3272.000000	17060.000000
1684.000000	3580.000000	17264.000000
1788.000000	2820.000000	16504.000000
1832.000000	2660.000000	15800.000000
1748.000000	2580.000000	15960.000000
1760.000000	2468.000000	16260.000000
2548.000000	2680.000000	16992.000000
1916.000000	3072.000000	16880.000000
1844.000000	3308.000000	16684.000000
1992.000000	3404.000000	16384.000000
1812.000000	3440.000000	16108.000000
1988.000000	3188.000000	16840.000000
1840.000000	2852.000000	17332.000000
1980.000000	2724.000000	17048.000000
1972.000000	2636.000000	16808.000000
1892.000000	2388.000000	16932.000000
1756.000000	2220.000000	17744.000000
1728.000000	2160.000000	17652.000000
1728.000000	2448.000000	17320.000000
1868.000000	2608.000000	16792.000000
1904.000000	2308.000000	16140.000000
1956.000000	2120.000000	16332.000000
1900.000000	2340.000000	16168.000000
1796.000000	2276.000000	15964.000000
2372.000000	2264.000000	15660.000000
1900.000000	2672.000000	15416.000000
1980.000000	3348.000000	15376.000000
2040.000000	3260.000000	15744.000000
1388.000000	2224.000000	15240.000000
1936.000000	3680.000000	16432.000000
2080.000000	3428.000000	16472.000000
2044.000000	2696.000000	16612.000000
2056.000000	4364.000000	17732.000000
2196.000000	4344.000000	18684.000000
2132.000000	3168.000000	17588.000000
2000.000000	3416.000000	16136.000000
2000.000000	3460.000000	15236.000000
980.000000	2536.000000	15016.000000
2416.000000	2820.000000	14680.000000
1952.000000	1704.000000	16120.000000
1900.000000	2184.000000	16684.000000
1952.000000	5032.000000	19784.000000
1932.000000	3840.000000	18936.000000
2020.000000	2404.000000	16892.000000
1716.000000	2668.000000	16996.000000
1884.000000	3744.000000	16192.000000
2352.000000	3272.000000	15636.000000
1956.000000	3004.000000	15728.000000
1904.000000	1444.000000	14452.000000
2028.000000	1804.000000	14644.000000
2268.000000	2596.000000	15296.000000
2128.000000	2820.000000	16492.000000
2172.000000	3344.000000	16520.000000
2320.000000	3444.000000	16528.000000
2152.000000	3428.000000	16216.000000
2056.000000	2996.000000	15320.000000
1888.000000	3232.000000	15068.000000
1944.000000	2664.000000	15692.000000
1952.000000	2144.000000	16352.000000
1868.000000	2624.000000	16704.000000
1916.000000	3656.000000	17344.000000
1916.000000	3448.000000	17956.000000
1640.000000	3016.000000	17256.000000
1776.000000	2944.000000	16104.000000
1188.000000	3188.000000	16280.000000
1456.000000	2292.000000	15264.000000
1172.000000	1244.000000	14864.000000
1348.000000	1264.000000	15400.000000
1452.000000	2024.000000	16456.000000
1772.000000	2512.000000	17868.000000
1840.000000	2900.000000	18480.000000
1816.000000	2764.000000	19092.000000
1612.000000	2780.000000	18452.000000
1808.000000	2856.000000	17484.000000
1744.000000	2712.000000	16548.000000
1524.000000	2356.000000	16344.000000
1652.000000	2556.000000	16148.000000
1596.000000	2472.000000	15704.000000
1652.000000	2452.000000	15644.000000
1712.000000	2676.000000	16732.000000
1756.000000	2896.000000	17140.000000
1400.000000	2956.000000	17196.000000
1148.000000	3128.000000	14860.000000
1760.000000	2452.000000	15752.000000
1444.000000	2384.000000	15924.000000
1840.000000	3124.000000	16704.000000
1652.000000	2532.000000	16992.000000
1692.000000	2452.000000	16288.000000
1372.000000	3132.000000	15816.000000
1532.000000	2560.000000	16176.000000
1480.000000	2676.000000	17200.000000
1768.000000	3020.000000	18180.000000
1632.000000	3028.000000	17560.000000
1736.000000	2904.000000	16948.000000
1696.000000	2620.000000	16232.000000
1724.000000	2664.000000	15488.000000
1800.000000	2680.000000	15704.000000
1896.000000	3352.000000	16452.000000
2040.000000	3912.000000	16904.000000
1952.000000	3600.000000	16700.000000
1988.000000	3320.000000	17080.000000
1876.000000	3196.000000	16632.000000
1868.000000	3124.000000	16576.000000
1760.000000	2900.000000	16388.000000
1736.000000	2912.000000	16368.000000
1600.000000	2792.000000	15620.000000
1728.000000	2800.000000	15636.000000
1644.000000	2844.000000	15744.000000
1884.000000	3044.000000	16052.000000
1896.000000	2988.000000	16328.000000
1896.000000	2788.000000	16780.000000
1868.000000	2812.000000	16956.000000
1792.000000	3272.000000	16636.000000
1924.000000	3472.000000	16484.000000
1972.000000	2768.000000	16592.000000
1816.000000	2692.000000	16200.000000
2080.000000	2640.000000	16412.000000
1728.000000	1952.000000	16800.000000
1976.000000	2636.000000	16740.000000
2020.000000	3940.000000	16772.000000
2044.000000	2900.000000	16616.000000
1976.000000	2544.000000	16436.000000
2012.000000	2632.000000	16536.000000
2100.000000	2360.000000	16212.000000
2100.000000	2104.000000	16540.000000
1932.000000	1460.000000	16396.000000
2024.000000	1788.000000	16888.000000
2108.000000	1912.000000	16656.000000
1996.000000	2136.000000	16728.000000
2548.000000	3296.000000	16108.000000
2192.000000	3968.000000	14080.000000
2280.000000	3880.000000	14200.000000
2684.000000	3452.000000	14440.000000
2592.000000	3576.000000	15536.000000
2632.000000	3036.000000	16892.000000
2444.000000	2872.000000	16684.000000
2284.000000	3664.000000	16452.000000
2272.000000	3504.000000	16268.000000
2056.000000	2940.000000	15836.000000
1916.000000	2536.000000	16096.000000
1796.000000	1888.000000	16116.000000
1596.000000	2132.000000	16548.000000
1800.000000	2684.000000	16776.000000
1856.000000	2892.000000	16784.000000
1816.000000	3136.000000	16672.000000
1964.000000	2668.000000	16400.000000
1596.000000	2308.000000	16064.000000
1868.000000	2520.000000	16400.000000
1756.000000	2376.000000	17116.000000
1696.000000	2572.000000	16608.000000
1904.000000	2696.000000	16504.000000
1692.000000	2756.000000	16752.000000
1820.000000	3216.000000	16820.000000
1808.000000	3756.000000	16464.000000
1884.000000	3488.000000	16512.000000
1864.000000	2524.000000	16336.000000
1676.000000	2568.000000	16660.000000
1864.000000	2348.000000	16748.000000
1924.000000	2944.000000	16776.000000
1892.000000	3140.000000	16820.000000
1744.000000	2960.000000	16612.000000
1752.000000	2508.000000	16524.000000
1820.000000	2320.000000	16160.000000
1884.000000	2716.000000	16164.000000
2036.000000	3304.000000	16196.000000
1728.000000	2952.000000	15572.000000
1824.000000	2520.000000	15948.000000
1788.000000	2412.000000	16052.000000
1748.000000	2804.000000	16360.000000
1620.000000	2656.000000	16464.000000
1864.000000	2500.000000	16484.000000
1656.000000	2640.000000	16892.000000
1684.000000	2668.000000	16760.000000
1704.000000	2892.000000	16940.000000
1712.000000	2620.000000	16612.000000
1800.000000	2356.000000	16784.000000
2028.000000	2160.000000	17012.000000
1716.000000	2720.000000	16852.000000
1900.000000	3468.000000	16096.000000
1648.000000	3096.000000	15664.000000
1540.000000	2856.000000	16424.000000
1736.000000	3000.000000	16932.000000
1652.000000	3172.000000	16940.000000
1600.000000	3796.000000	16636.000000
1820.000000	4024.000000	16660.000000
1856.000000	5168.000000	16608.000000
1836.000000	3148.000000	16560.000000
1844.000000	1532.000000	17048.000000
1916.000000	1700.000000	17028.000000
1800.000000	1736.000000	16356.000000
1720.000000	1520.000000	15888.000000
1612.000000	2472.000000	15920.000000
1748.000000	3156.000000	16092.000000
1900.000000	3536.000000	16532.000000
1516.000000	2736.000000	16636.000000
1584.000000	2268.000000	16288.000000
1684.000000	2824.000000	16048.000000
1860.000000	3560.000000	16176.000000
1908.000000	3728.000000	16248.000000
1780.000000	3644.000000	16544.000000
1640.000000	2756.000000	16492.000000
1980.000000	2420.000000	16680.000000
1460.000000	2068.000000	16528.000000
1776.000000	1372.000000	15816.000000
1588.000000	2688.000000	16932.000000
1548.000000	1348.000000	15908.000000
1692.000000	1520.000000	16384.000000
1924.000000	2820.000000	17760.000000
1792.000000	2672.000000	16352.000000
1876.000000	2740.000000	15752.000000
1848.000000	2676.000000	16012.000000
1856.000000	2604.000000	16028.000000
1736.000000	2320.000000	16244.000000
1800.000000	2556.000000	16116.000000
1732.000000	3020.000000	16128.000000
1672.000000	2900.000000	16440.000000
1692.000000	2752.000000	16852.000000
1776.000000	2768.000000	16672.000000
1872.000000	2520.000000	16576.000000
1844.000000	2712.000000	16468.000000
1876.000000	2940.000000	16640.000000
1904.000000	2892.000000	16748.000000
1996.000000	2596.000000	17036.000000
1904.000000	2676.000000	16656.000000
1816.000000	2488.000000	16164.000000
1884.000000	2720.000000	16184.000000
1780.000000	2740.000000	16028.000000
1736.000000	2632.000000	16212.000000
1608.000000	2580.000000	16464.000000
1744.000000	2656.000000	16872.000000
1676.000000	2536.000000	16568.000000
1720.000000	2684.000000	16468.000000
1876.000000	2516.000000	16644.000000
1824.000000	2324.000000	16748.000000
1800.000000	2392.000000	16720.000000
1948.000000	2396.000000	16824.000000
1888.000000	2316.000000	16596.000000
1912.000000	2780.000000	16452.000000
1912.000000	3012.000000	16756.000000
1888.000000	2520.000000	16732.000000
1928.000000	2572.000000	16592.000000
1792.000000	2808.000000	16172.000000
1608.000000	2516.000000	15844.000000
1700.000000	2872.000000	15552.000000
1756.000000	2620.000000	16020.000000
1700.000000	2872.000000	16308.000000
1536.000000	2960.000000	16196.000000
1844.000000	2796.000000	16516.000000
1796.000000	2648.000000	16832.000000
1864.000000	2676.000000	16628.000000
1904.000000	2588.000000	16360.000000
2016.000000	2448.000000	16904.000000
1912.000000	2584.000000	16564.000000
1880.000000	2672.000000	16340.000000
1952.000000	2972.000000	16172.000000
2036.000000	3120.000000	16372.000000
1988.000000	2508.000000	16824.000000
2096.000000	3060.000000	16580.000000
1832.000000	2692.000000	16276.000000
2056.000000	2768.000000	16752.000000
1680.000000	2404.000000	16688.000000
2020.000000	2036.000000	16244.000000
1828.000000	2556.000000	16048.000000
1940.000000	2116.000000	15788.000000
1856.000000	2208.000000	15668.000000
1956.000000	2948.000000	16052.000000
1996.000000	2768.000000	16064.000000
1716.000000	2148.000000	16480.000000
1864.000000	3492.000000	16476.000000
1848.000000	3348.000000	16828.000000
1892.000000	2880.000000	17392.000000
1708.000000	2640.000000	17584.000000
2196.000000	2532.000000	16780.000000
1560.000000	2044.000000	16536.000000
2016.000000	1944.000000	15972.000000
1916.000000	2180.000000	15832.000000
1844.000000	2108.000000	15928.000000
1944.000000	2624.000000	16448.000000
2092.000000	2852.000000	16464.000000
1896.000000	3108.000000	17044.000000
1976.000000	2628.000000	16912.000000
2012.000000	2508.000000	16448.000000
1800.000000	2500.000000	15932.000000
2300.000000	2328.000000	15368.000000
2160.000000	2352.000000	15924.000000
2128.000000	2452.000000	16248.000000
2160.000000	2748.000000	16592.000000
2340.000000	2904.000000	17060.000000
2140.000000	2632.000000	17124.000000
2068.000000	2924.000000	16868.000000
2120.000000	3144.000000	16600.000000
2016.000000	2524.000000	16268.000000
1892.000000	2648.000000	15708.000000
1572.000000	2140.000000	16292.000000
1684.000000	1904.000000	16572.000000
1872.000000	2308.000000	16476.000000
1864.000000	2728.000000	16440.000000
1768.000000	2752.000000	16328.000000
1548.000000	2392.000000	16336.000000
1680.000000	2212.000000	16076.000000
1940.000000	2628.000000	16108.000000
1912.000000	2680.000000	16956.000000
1668.000000	2504.000000	16568.000000
1984.000000	2776.000000	17080.000000
1952.000000	2492.000000	16916.000000
1816.000000	2260.000000	16392.000000
2068.000000	2640.000000	16960.000000
1852.000000	2596.000000	16856.000000
1672.000000	2276.000000	16380.000000
1900.000000	2308.000000	16168.000000
1628.000000	2208.000000	15612.000000
2012.000000	2420.000000	16024.000000
1996.000000	2424.000000	16032.000000
2076.000000	2516.000000	16592.000000
2244.000000	2652.000000	16936.000000
1936.000000	2660.000000	16836.000000
2252.000000	3236.000000	17720.000000
2284.000000	3260.000000	17104.000000
2220.000000	2900.000000	16296.000000
2000.000000	2400.000000	15592.000000
2112.000000	2212.000000	15564.000000
1888.000000	2296.000000	15484.000000
1896.000000	2480.000000	16372.000000
2024.000000	3120.000000	17120.000000
1924.000000	3084.000000	17300.000000
1980.000000	3156.000000	16968.000000
1952.000000	2872.000000	16604.000000
1900.000000	2364.000000	16168.000000
2048.000000	2336.000000	16308.000000
1920.000000	2384.000000	16348.000000
1932.000000	2556.000000	15936.000000
1844.000000	2656.000000	16052.000000
1924.000000	2560.000000	16260.000000
1704.000000	2664.000000	16732.000000
1776.000000	1940.000000	16444.000000
1944.000000	2368.000000	16712.000000
1880.000000	2708.000000	16796.000000
1860.000000	2464.000000	16812.000000
1844.000000	2948.000000	16732.000000
1992.000000	3288.000000	16944.000000
1940.000000	3152.000000	16652.000000
1948.000000	2552.000000	16272.000000
1860.000000	2136.000000	16140.000000
1992.000000	2184.000000	16036.000000
2100.000000	2508.000000	16000.000000
1960.000000	2508.000000	15904.000000
2100.000000	2664.000000	16364.000000
2132.000000	2868.000000	16432.000000
2240.000000	2916.000000	16532.000000
2168.000000	3060.000000	17052.000000
2204.000000	2480.000000	17108.000000
2400.000000	2452.000000	16896.000000
2236.000000	2568.000000	16432.000000
2196.000000	2256.000000	16380.000000
2204.000000	2140.000000	16280.000000
2140.000000	2572.000000	16048.000000
2160.000000	2388.000000	15476.000000
2168.000000	2224.000000	14948.000000
2196.000000	2496.000000	15968.000000
2360.000000	2768.000000	17536.000000
2352.000000	2588.000000	17508.000000
2452.000000	3780.000000	17112.000000
2464.000000	3468.000000	16684.000000
2296.000000	2992.000000	15840.000000
2140.000000	2120.000000	15920.000000
2380.000000	1992.000000	16836.000000
2344.000000	2152.000000	16852.000000
2428.000000	2156.000000	16052.000000
2204.000000	2448.000000	15520.000000
2176.000000	2864.000000	15688.000000
2288.000000	3040.000000	16408.000000
2420.000000	2984.000000	17176.000000
2488.000000	3008.000000	16652.000000
2340.000000	2776.000000	16516.000000
2404.000000	2688.000000	16484.000000
2448.000000	2336.000000	15660.000000
2400.000000	2036.000000	17112.000000
2496.000000	1936.000000	17680.000000
2708.000000	2532.000000	16432.000000
2452.000000	2800.000000	15184.000000
2128.000000	2760.000000	15132.000000
2568.000000	3068.000000	15748.000000
2176.000000	3124.000000	15892.000000
2268.000000	3072.000000	15952.000000
2144.000000	2832.000000	16372.000000
2228.000000	2912.000000	16164.000000
2176.000000	2832.000000	16324.000000
2132.000000	2756.000000	16432.000000
2280.000000	2940.000000	16752.000000
2288.000000	3124.000000	17292.000000
2248.000000	3248.000000	17012.000000
2032.000000	2816.000000	16904.000000
1956.000000	2848.000000	16528.000000
1796.000000	2788.000000	16244.000000
1940.000000	2500.000000	16100.000000
1980.000000	2360.000000	16388.000000
2108.000000	2860.000000	16860.000000
2096.000000	3068.000000	17540.000000
2128.000000	3240.000000	17228.000000
2016.000000	3300.000000	17372.000000
2188.000000	3060.000000	17396.000000
2284.000000	2640.000000	17004.000000
2020.000000	2348.000000	16304.000000
1972.000000	2148.000000	16660.000000
2088.000000	1820.000000	16712.000000
2096.000000	2364.000000	16416.000000
2056.000000	2884.000000	16528.000000
2524.000000	3680.000000	17216.000000
2280.000000	3204.000000	16248.000000
2220.000000	3232.000000	16156.000000
2524.000000	3720.000000	16104.000000
1616.000000	3880.000000	15404.000000
2128.000000	3456.000000	15392.000000
1928.000000	5092.000000	13204.000000
736.000000	4308.000000	12252.000000
32.000000	2972.000000	10244.000000
-284.000000	-440.000000	5292.000000
-280.000000	2492.000000	2872.000000
420.000000	3488.000000	-2248.000000
1816.000000	1568.000000	-5652.000000
964.000000	208.000000	-4440.000000
6060.000000	1152.000000	-1992.000000
4872.000000	-4376.000000	-1376.000000
2036.000000	-4.000000	2652.000000
2816.000000	-636.000000	19652.000000
972.000000	2648.000000	29864.000000
-3700.000000	-2876.000000	32767.000000
-9888.000000	-6244.000000	32767.000000
-8972.000000	-8636.000000	32767.000000
-11208.000000	-4592.000000	32767.000000
-10940.000000	-4148.000000	32767.000000
-10980.000000	-3920.000000	32767.000000
-9976.000000	-3548.000000	30152.000000
-9468.000000	-1320.000000	25368.000000
-8084.000000	1572.000000	22788.000000
-7412.000000	2588.000000	20784.000000
-6444.000000	4348.000000	17520.000000
-5744.000000	2904.000000	16120.000000
-5152.000000	1900.000000	13836.000000
-4620.000000	1528.000000	11340.000000
-3584.000000	324.000000	8904.000000
-2684.000000	-612.000000	8016.000000
-3040.000000	-1636.000000	7668.000000
-3800.000000	-2508.000000	7752.000000
-4572.000000	-4908.000000	11928.000000
-6172.000000	-3328.000000	14932.000000
-6460.000000	-520.000000	20256.000000
-8540.000000	-528.000000	26096.000000
-10124.000000	-2632.000000	29888.000000
-10460.000000	-4552.000000	30864.000000
-9684.000000	-4908.000000	31776.000000
-9072.000000	-3184.000000	31520.000000
-7388.000000	-3300.000000	28760.000000
-764.000000	-3004.000000	25248.000000
-4144.000000	-4992.000000	25012.000000
-1976.000000	-2324.000000	27460.000000
-3984.000000	184.000000	24760.000000
-1908.000000	2436.000000	22840.000000
216.000000	-2492.000000	16932.000000
-4508.000000	2824.000000	15692.000000
232.000000	5432.000000	8372.000000
-2856.000000	2892.000000	8308.000000
-1068.000000	-944.000000	8616.000000
-528.000000	3640.000000	7712.000000
-1192.000000	1732.000000	7144.000000
-1704.000000	-848.000000	3628.000000
-1576.000000	-1488.000000	3420.000000
-920.000000	668.000000	5144.000000
832.000000	4080.000000	6660.000000
1564.000000	3488.000000	8796.000000
1520.000000	2792.000000	9184.000000
3396.000000	2752.000000	10984.000000
3224.000000	3896.000000	11892.000000
4436.000000	4912.000000	13744.000000
5220.000000	3528.000000	15448.000000
6512.000000	4932.000000	16652.000000
5752.000000	3536.000000	16784.000000
4592.000000	3592.000000	15540.000000
5092.000000	4308.000000	14704.000000
3888.000000	3424.000000	13240.000000
5372.000000	3016.000000	12800.000000
4572.000000	2732.000000	13948.000000
5292.000000	4816.000000	15904.000000
5964.000000	5068.000000	17136.000000
6140.000000	6824.000000	17684.000000
6288.000000	6400.000000	18528.000000
6388.000000	4908.000000	19120.000000
5868.000000	3084.000000	18284.000000
5532.000000	3212.000000	17428.000000
5188.000000	2664.000000	17044.000000
4696.000000	1900.000000	15916.000000
4352.000000	2392.000000	14976.000000
4232.000000	3184.000000	15044.000000
4168.000000	3028.000000	15076.000000
4496.000000	3644.000000	15660.000000
5192.000000	4528.000000	16672.000000
5080.000000	4080.000000	16412.000000
4808.000000	3664.000000	15908.000000
4676.000000	2960.000000	15540.000000
4328.000000	2256.000000	14400.000000
3752.000000	2104.000000	13552.000000
3872.000000	1692.000000	13828.000000
3972.000000	2892.000000	13748.000000
4556.000000	3936.000000	14924.000000
4652.000000	4504.000000	15584.000000
5236.000000	4572.000000	16328.000000
5340.000000	4124.000000	16624.000000
5236.000000	3976.000000	15904.000000
4996.000000	4088.000000	15136.000000
5052.000000	4112.000000	15568.000000
5264.000000	3928.000000	16324.000000
5128.000000	3744.000000	16872.000000
5256.000000	4468.000000	17048.000000
4828.000000	2672.000000	16640.000000
5112.000000	3752.000000	15532.000000
4316.000000	2920.000000	15032.000000
4064.000000	3664.000000	14136.000000
4360.000000	3288.000000	15212.000000
4616.000000	3236.000000	15732.000000
4764.000000	3988.000000	15952.000000
4620.000000	4544.000000	15972.000000
4300.000000	3864.000000	15660.000000
4240.000000	3576.000000	15360.000000
4632.000000	3548.000000	16392.000000
4720.000000	3668.000000	16868.000000
4700.000000	4056.000000	16852.000000
4648.000000	4132.000000	17056.000000
4676.000000	4876.000000	16588.000000
4744.000000	4416.000000	16572.000000
4728.000000	3520.000000	17388.000000
4576.000000	3204.000000	16840.000000
4276.000000	3476.000000	15424.000000
3988.000000	2732.000000	15020.000000
4008.000000	2664.000000	15156.000000
4312.000000	3508.000000	15200.000000
4420.000000	3984.000000	15204.000000
4616.000000	3796.000000	15904.000000
4760.000000	4136.000000	16028.000000
5004.000000	4256.000000	15724.000000
4952.000000	3440.000000	15360.000000
4376.000000	3548.000000	14316.000000
4536.000000	3484.000000	14248.000000
5096.000000	4388.000000	14644.000000
4960.000000	4276.000000	16076.000000
5740.000000	5268.000000	17164.000000
5144.000000	3932.000000	16992.000000
4964.000000	3928.000000	15400.000000
5024.000000	4096.000000	15760.000000
4700.000000	3260.000000	15096.000000
4460.000000	3192.000000	14728.000000
4548.000000	3100.000000	14932.000000
4804.000000	3448.000000	15604.000000
5056.000000	2908.000000	16252.000000
5016.000000	3292.000000	15588.000000
4700.000000	3216.000000	15064.000000
4748.000000	2956.000000	14676.000000
4832.000000	2876.000000	14688.000000
5032.000000	3348.000000	15356.000000
5072.000000	4056.000000	15320.000000
5224.000000	4312.000000	16324.000000
5216.000000	3776.000000	16436.000000
4940.000000	3604.000000	15832.000000
4880.000000	4108.000000	15624.000000
4788.000000	4016.000000	15756.000000
4952.000000	4100.000000	16352.000000
4944.000000	4312.000000	16248.000000
4772.000000	4252.000000	15888.000000
4680.000000	4332.000000	15956.000000
4544.000000	3956.000000	15732.000000
4348.000000	3508.000000	15856.000000
4224.000000	3316.000000	15680.000000
4292.000000	3428.000000	15484.000000
4268.000000	3472.000000	15508.000000
4360.000000	3548.000000	15368.000000
4444.000000	3624.000000	15136.000000
4656.000000	3656.000000	15988.000000
4916.000000	3772.000000	16360.000000
5120.000000	4132.000000	16548.000000
5044.000000	3980.000000	16172.000000
4820.000000	3612.000000	15604.000000
4924.000000	3828.000000	15040.000000
4948.000000	3396.000000	15820.000000
5076.000000	3588.000000	15804.000000
5360.000000	3892.000000	16324.000000
5476.000000	3984.000000	16464.000000
5476.000000	3816.000000	16744.000000
5212.000000	3808.000000	16080.000000
4892.000000	3876.000000	15056.000000
4720.000000	3448.000000	15036.000000
4476.000000	3020.000000	14596.000000
4396.000000	3052.000000	14860.000000
4564.000000	3764.000000	15276.000000
4772.000000	3556.000000	15600.000000
4648.000000	3320.000000	15512.000000
4716.000000	3412.000000	15824.000000
4876.000000	3552.000000	16048.000000
4972.000000	3776.000000	16120.000000
4884.000000	3708.000000	16492.000000
4836.000000	3732.000000	15920.000000
4504.000000	3172.000000	15568.000000
4256.000000	3128.000000	15032.000000
3860.000000	3188.000000	13880.000000
4124.000000	3296.000000	14104.000000
3900.000000	2472.000000	14308.000000
4024.000000	4220.000000	14452.000000
4704.000000	5276.000000	14888.000000
4624.000000	5776.000000	15956.000000
4524.000000	4956.000000	15820.000000
4544.000000	4648.000000	15336.000000
4104.000000	4344.000000	15132.000000
4256.000000	4404.000000	14760.000000
4172.000000	5016.000000	15120.000000
4688.000000	5272.000000	16576.000000
3716.000000	5028.000000	14188.000000
3208.000000	5652.000000	13772.000000
2920.000000	4848.000000	13856.000000
2388.000000	4700.000000	13416.000000
1336.000000	4828.000000	12592.000000
576.000000	4712.000000	12532.000000
-804.000000	2888.000000	7936.000000
2264.000000	736.000000	1748.000000
-2080.000000	-4480.000000	-5532.000000
3720.000000	2524.000000	-4288.000000
4200.000000	2576.000000	-7836.000000
3100.000000	-2648.000000	-3012.000000
1852.000000	1764.000000	996.000000
1172.000000	1556.000000	7788.000000
-840.000000	708.000000	14128.000000
-5556.000000	-4092.000000	22052.000000
-7120.000000	-5736.000000	25868.000000
-8884.000000	-12560.000000	30952.000000
-18928.000000	-9944.000000	28644.000000
-21988.000000	-7572.000000	32767.000000
-25276.000000	-6804.000000	32767.000000
-32768.000000	-7672.000000	13552.000000
-19964.000000	-7776.000000	23508.000000
-15948.000000	-748.000000	17768.000000
-11848.000000	-3236.000000	18384.000000
-9924.000000	6040.000000	10192.000000
-9476.000000	780.000000	11432.000000
-9528.000000	-1024.000000	14320.000000
-10764.000000	-2764.000000	15564.000000
-11104.000000	-1152.000000	14700.000000
-10592.000000	-676.000000	14124.000000
-9168.000000	-384.000000	13792.000000
-9620.000000	-1032.000000	14296.000000
-10328.000000	-3864.000000	14100.000000
-10132.000000	-4828.000000	14588.000000
-9832.000000	-4132.000000	15700.000000
-9268.000000	-3568.000000	16036.000000
-9028.000000	-3508.000000	18380.000000
-10328.000000	-5820.000000	20124.000000
-11468.000000	-4892.000000	22116.000000
-10736.000000	-5220.000000	24532.000000
-8768.000000	-6156.000000	22124.000000
-6204.000000	-4992.000000	22264.000000
-6092.000000	-5372.000000	19892.000000
-8188.000000	-1780.000000	20472.000000
-2120.000000	-3672.000000	20176.000000
-1356.000000	-1204.000000	20620.000000
1856.000000	1616.000000	17060.000000
3704.000000	4200.000000	12116.000000
1040.000000	1824.000000	8976.000000
588.000000	-2172.000000	10664.000000
2604.000000	-1636.000000	9196.000000
2604.000000	2436.000000	9300.000000
1172.000000	7096.000000	5400.000000
3268.000000	3436.000000	6304.000000
-860.000000	4260.000000	3700.000000
172.000000	3964.000000	3788.000000
812.000000	3660.000000	4388.000000
1104.000000	1056.000000	5548.000000
3032.000000	1696.000000	8316.000000
4864.000000	3904.000000	12168.000000
5888.000000	5084.000000	12816.000000
6244.000000	4764.000000	13412.000000
7224.000000	2176.000000	17124.000000
7924.000000	3936.000000	17452.000000
7908.000000	6572.000000	16300.000000
8200.000000	4632.000000	15736.000000
7748.000000	3572.000000	14136.000000
7340.000000	2364.000000	13492.000000
8016.000000	2548.000000	15360.000000
8760.000000	3856.000000	17236.000000
8760.000000	3944.000000	18232.000000
8004.000000	3156.000000	17952.000000
7132.000000	3276.000000	16140.000000
6144.000000	3492.000000	14456.000000
6040.000000	3760.000000	14368.000000
5240.000000	3056.000000	13300.000000
4808.000000	2228.000000	12220.000000
4400.000000	1116.000000	11088.000000
4964.000000	264.000000	12240.000000
6096.000000	1152.000000	14688.000000
6912.000000	1240.000000	16668.000000
6220.000000	2664.000000	16692.000000
6828.000000	3388.000000	16296.000000
6960.000000	3072.000000	15996.000000
6812.000000	3056.000000	16920.000000
7160.000000	4008.000000	17096.000000
6860.000000	3940.000000	16852.000000
6412.000000	3724.000000	16200.000000
6152.000000	4140.000000	15196.000000
5868.000000	4076.000000	15300.000000
5880.000000	3424.000000	14732.000000
5608.000000	2872.000000	15732.000000
6312.000000	3148.000000	15932.000000
6568.000000	2804.000000	16964.000000
6876.000000	3252.000000	17656.000000
6840.000000	3884.000000	17236.000000
6424.000000	3932.000000	16780.000000
6132.000000	3200.000000	15696.000000
5756.000000	2748.000000	14328.000000
5364.000000	1328.000000	13512.000000
5192.000000	1176.000000	13160.000000
5428.000000	1244.000000	14000.000000
5996.000000	2036.000000	14980.000000
6508.000000	2868.000000	15892.000000
6592.000000	3368.000000	16200.000000
6716.000000	3788.000000	16064.000000
6576.000000	3040.000000	15368.000000
6052.000000	1984.000000	14644.000000
6216.000000	2800.000000	14664.000000
6076.000000	2572.000000	14880.000000
6120.000000	2196.000000	15060.000000
6056.000000	2792.000000	15460.000000
6036.000000	3152.000000	15288.000000
6056.000000	3060.000000	15380.000000
6272.000000	3004.000000	16080.000000
6164.000000	3508.000000	16368.000000
6568.000000	3764.000000	16480.000000
6232.000000	3492.000000	15696.000000
6124.000000	2688.000000	15256.000000
6100.000000	2504.000000	15564.000000
6192.000000	2252.000000	15512.000000
6536.000000	2352.000000	16172.000000
6640.000000	2656.000000	16336.000000
6460.000000	2952.000000	15652.000000
5940.000000	1876.000000	14868.000000
5836.000000	1640.000000	14636.000000
5972.000000	2564.000000	14624.000000
6140.000000	2668.000000	14504.000000
6108.000000	2768.000000	15052.000000
6200.000000	3148.000000	15044.000000
6244.000000	3248.000000	15388.000000
6436.000000	3044.000000	15688.000000
6684.000000	3180.000000	16892.000000
6708.000000	3620.000000	16656.000000
6160.000000	3588.000000	15072.000000
6176.000000	2536.000000	14900.000000
5640.000000	2700.000000	14240.000000
6152.000000	2780.000000	15448.000000
6368.000000	3108.000000	16052.000000
6468.000000	3656.000000	15872.000000
6644.000000	3352.000000	16148.000000
6732.000000	2780.000000	16444.000000
6688.000000	3220.000000	16180.000000
6512.000000	3556.000000	15272.000000
5988.000000	3180.000000	13928.000000
5768.000000	2272.000000	13956.000000
6108.000000	1960.000000	14424.000000
6144.000000	2416.000000	14664.000000
5896.000000	2368.000000	14944.000000
6288.000000	2616.000000	15528.000000
6720.000000	3340.000000	16104.000000
6744.000000	3380.000000	16232.000000
6328.000000	3372.000000	15292.000000
6056.000000	3040.000000	14692.000000
5736.000000	2952.000000	14144.000000
6036.000000	2772.000000	14772.000000
6312.000000	3156.000000	15144.000000
6164.000000	3348.000000	15288.000000
6580.000000	3284.000000	16088.000000
7096.000000	3384.000000	17172.000000
7020.000000	4132.000000	16756.000000
6480.000000	3400.000000	15192.000000
5860.000000	2520.000000	14296.000000
6024.000000	2316.000000	14344.000000
6280.000000	2276.000000	15368.000000
6580.000000	2820.000000	16112.000000
6540.000000	3148.000000	15988.000000
6320.000000	3132.000000	15180.000000
6168.000000	3004.000000	15092.000000
6376.000000	2508.000000	15420.000000
6356.000000	2968.000000	15320.000000
6488.000000	3412.000000	15456.000000
6684.000000	3616.000000	15660.000000
6636.000000	3396.000000	15748.000000
6516.000000	3296.000000	15532.000000
6400.000000	3312.000000	15260.000000
6172.000000	2776.000000	14564.000000
6148.000000	2680.000000	14904.000000
6544.000000	3200.000000	15644.000000
6788.000000	3132.000000	16084.000000
6612.000000	3276.000000	15532.000000
6412.000000	3308.000000	14728.000000
6184.000000	2984.000000	14624.000000
6260.000000	3036.000000	15052.000000
6112.000000	3132.000000	14412.000000
5900.000000	2692.000000	14424.000000
6332.000000	2812.000000	15352.000000
6708.000000	3296.000000	15788.000000
6808.000000	3760.000000	15876.000000
6652.000000	3448.000000	15708.000000
6672.000000	3028.000000	15720.000000
6964.000000	3440.000000	16236.000000
6860.000000	3728.000000	16264.000000
6848.000000	3300.000000	15992.000000
6512.000000	2612.000000	15624.000000
6348.000000	2916.000000	14976.000000
6196.000000	2776.000000	14444.000000
6032.000000	3036.000000	13828.000000
6596.000000	3088.000000	15104.000000
7008.000000	3452.000000	15872.000000
7180.000000	3332.000000	15804.000000
6620.000000	2680.000000	15032.000000
6540.000000	2568.000000	14732.000000
6628.000000	2732.000000	15056.000000
6432.000000	2596.000000	14712.000000
6804.000000	3156.000000	15136.000000
6672.000000	3460.000000	14856.000000
6720.000000	3300.000000	14956.000000
6460.000000	3072.000000	14444.000000
6420.000000	2864.000000	14484.000000
6824.000000	3436.000000	14888.000000
6632.000000	3584.000000	15292.000000
6716.000000	3400.000000	14880.000000
6808.000000	3620.000000	15132.000000
6528.000000	3120.000000	15016.000000
6660.000000	2960.000000	14980.000000
6824.000000	2848.000000	15584.000000
6756.000000	3032.000000	15412.000000
6884.000000	3548.000000	14844.000000
6956.000000	3556.000000	15572.000000
6796.000000	3568.000000	15268.000000
6536.000000	3632.000000	14584.000000
6544.000000	3100.000000	14864.000000
6420.000000	3092.000000	15136.000000
6580.000000	3488.000000	14948.000000
6568.000000	3488.000000	15228.000000
6432.000000	3344.000000	15596.000000
6708.000000	3436.000000	15560.000000
6660.000000	3316.000000	15512.000000
6868.000000	3168.000000	16120.000000
6384.000000	3196.000000	15532.000000
6208.000000	3180.000000	14784.000000
6284.000000	3052.000000	15132.000000
6412.000000	3256.000000	15408.000000
6712.000000	3468.000000	15988.000000
6928.000000	3820.000000	16236.000000
6752.000000	3568.000000	15616.000000
6480.000000	2804.000000	14888.000000
6224.000000	2608.000000	14404.000000
6336.000000	2828.000000	14612.000000
6372.000000	2644.000000	14808.000000
6736.000000	3164.000000	15212.000000
7172.000000	4088.000000	15988.000000
6984.000000	3944.000000	15504.000000
6800.000000	3720.000000	15084.000000
6540.000000	3228.000000	14496.000000
6348.000000	2840.000000	13972.000000
6700.000000	2832.000000	14996.000000
7060.000000	3232.000000	15752.000000
6872.000000	3520.000000	15668.000000
6784.000000	3688.000000	14956.000000
6372.000000	3332.000000	14444.000000
6212.000000	2808.000000	14240.000000
6156.000000	3156.000000	14200.000000
6976.000000	3864.000000	15664.000000
7000.000000	4508.000000	15916.000000
6784.000000	4092.000000	15436.000000
6836.000000	3600.000000	15788.000000
6812.000000	2988.000000	15628.000000
6704.000000	2872.000000	15652.000000
6436.000000	3284.000000	14832.000000
6052.000000	3024.000000	14224.000000
6836.000000	3244.000000	16036.000000
7120.000000	3688.000000	16620.000000
6828.000000	3524.000000	15304.000000
6268.000000	3244.000000	14152.000000
6192.000000	2544.000000	14176.000000
6388.000000	2676.000000	14724.000000
6788.000000	3496.000000	15336.000000
6924.000000	3840.000000	15420.000000
6856.000000	3868.000000	15236.000000
6728.000000	3692.000000	15004.000000
6632.000000	3824.000000	14692.000000
6420.000000	3464.000000	14956.000000
6740.000000	3600.000000	15276.000000
6768.000000	3752.000000	15368.000000
6692.000000	4012.000000	15068.000000
6736.000000	3628.000000	15136.000000
6516.000000	3320.000000	15148.000000
6504.000000	3164.000000	14872.000000
6604.000000	2904.000000	14792.000000
6632.000000	3156.000000	15060.000000
6704.000000	3576.000000	14920.000000
6796.000000	3636.000000	15316.000000
6880.000000	3780.000000	15208.000000
6624.000000	3648.000000	15012.000000
6844.000000	3508.000000	15012.000000
6660.000000	3260.000000	14712.000000
6816.000000	3328.000000	14800.000000
6868.000000	3604.000000	14896.000000
6832.000000	3580.000000	15072.000000
6908.000000	3580.000000	15132.000000
6856.000000	3508.000000	15136.000000
6572.000000	3040.000000	14728.000000
6668.000000	3020.000000	14768.000000
6724.000000	3512.000000	15140.000000
7036.000000	3672.000000	15764.000000
6720.000000	3780.000000	15064.000000
6640.000000	3576.000000	15020.000000
6428.000000	3284.000000	14696.000000
6360.000000	3220.000000	14756.000000
6464.000000	3516.000000	14768.000000
6840.000000	3616.000000	15560.000000
7004.000000	3800.000000	15864.000000
7196.000000	3952.000000	16064.000000
6984.000000	3772.000000	15744.000000
6600.000000	3560.000000	15352.000000
6480.000000	3144.000000	15112.000000
7308.000000	2684.000000	16556.000000
6464.000000	3240.000000	14596.000000
6324.000000	2880.000000	14540.000000
6516.000000	3424.000000	14592.000000
6156.000000	3096.000000	13916.000000
6760.000000	3660.000000	14368.000000
7316.000000	4512.000000	15936.000000
7548.000000	4264.000000	15864.000000
7524.000000	4172.000000	15100.000000
6372.000000	3936.000000	13148.000000
6072.000000	3892.000000	12556.000000
6076.000000	2676.000000	13072.000000
6128.000000	2956.000000	13452.000000
6424.000000	3996.000000	14496.000000
6984.000000	4532.000000	15392.000000
6624.000000	4504.000000	14796.000000
6444.000000	3868.000000	14548.000000
6084.000000	3812.000000	13872.000000
5928.000000	2784.000000	14192.000000
5904.000000	3332.000000	13756.000000
5188.000000	3388.000000	14392.000000
5360.000000	3928.000000	13028.000000
4508.000000	3024.000000	12372.000000
4388.000000	2868.000000	12408.000000
3592.000000	2348.000000	12192.000000
2580.000000	3024.000000	12204.000000
1968.000000	3740.000000	12268.000000
4892.000000	4148.000000	15028.000000
4072.000000	3492.000000	11548.000000
4164.000000	3040.000000	10696.000000
2120.000000	4392.000000	6992.000000
-3804.000000	3488.000000	3412.000000
328.000000	1488.000000	2572.000000
-1700.000000	2320.000000	1368.000000
3632.000000	448.000000	4896.000000
2156.000000	-3480.000000	3924.000000
2732.000000	-512.000000	1580.000000
1416.000000	-2592.000000	-964.000000
2132.000000	-980.000000	1584.000000
1936.000000	-4552.000000	9448.000000
-3604.000000	-11896.000000	13396.000000
-13476.000000	-13396.000000	16528.000000
-32500.000000	-14368.000000	22844.000000
-32768.000000	29600.000000	11552.000000
-1664.000000	-32692.000000	-32768.000000
3112.000000	-13744.000000	10752.000000
-10244.000000	-15060.000000	32767.000000
-13160.000000	-26612.000000	1764.000000
-15052.000000	12480.000000	-2780.000000
-17544.000000	22772.000000	8420.000000
-3704.000000	9284.000000	7776.000000
-14020.000000	6896.000000	652.000000
-8132.000000	1728.000000	5240.000000
-12256.000000	-3496.000000	5836.000000
-8256.000000	-6540.000000	26716.000000
-5196.000000	-16180.000000	14460.000000
-17652.000000	-9180.000000	11536.000000
-12032.000000	-6428.000000	14112.000000
-13904.000000	-6948.000000	14596.000000
-14916.000000	-7212.000000	14444.000000
-11476.000000	-5756.000000	12232.000000
-10740.000000	-5516.000000	9952.000000
-10112.000000	-4592.000000	10196.000000
-10048.000000	-4336.000000	11708.000000
-9428.000000	-4100.000000	9776.000000
-7120.000000	-3600.000000	11520.000000
-11064.000000	-6300.000000	14512.000000
-12664.000000	-5040.000000	16416.000000
-12352.000000	-4844.000000	19440.000000
-11428.000000	-3896.000000	20504.000000
-8744.000000	-1676.000000	19944.000000
-7584.000000	-1276.000000	17300.000000
-7780.000000	2508.000000	13064.000000
-4744.000000	4388.000000	12144.000000
-3628.000000	2784.000000	15372.000000
-2160.000000	-1860.000000	20324.000000
-3668.000000	-3620.000000	18612.000000
-1292.000000	636.000000	19348.000000
-1560.000000	-2140.000000	14424.000000
-1236.000000	-540.000000	9104.000000
4104.000000	-2460.000000	-2832.000000
152.000000	11952.000000	6692.000000
-736.000000	3792.000000	7836.000000
2184.000000	1484.000000	8996.000000
-300.000000	3800.000000	10852.000000
220.000000	3912.000000	14444.000000
184.000000	3944.000000	15240.000000
828.000000	4556.000000	15464.000000
736.000000	4532.000000	14680.000000
560.000000	3508.000000	12224.000000
692.000000	3260.000000	12060.000000
488.000000	2880.000000	13392.000000
1388.000000	3132.000000	13420.000000
1380.000000	2932.000000	13632.000000
1468.000000	3516.000000	15100.000000
2100.000000	3792.000000	16984.000000
2348.000000	3008.000000	16804.000000
2216.000000	2336.000000	16340.000000
2384.000000	3660.000000	17160.000000
2400.000000	4780.000000	19392.000000
3044.000000	4920.000000	21564.000000
3180.000000	5368.000000	22148.000000
2980.000000	4756.000000	21136.000000
2632.000000	4504.000000	19340.000000
3032.000000	3508.000000	16728.000000
2812.000000	3844.000000	15392.000000
2700.000000	3000.000000	13388.000000
2860.000000	1912.000000	13092.000000
2544.000000	1476.000000	13272.000000
2640.000000	3400.000000	15256.000000
3384.000000	4812.000000	16372.000000
3704.000000	5880.000000	18100.000000
3000.000000	4620.000000	15920.000000
3260.000000	3880.000000	12932.000000
2880.000000	3336.000000	12104.000000
3716.000000	2840.000000	12344.000000
3576.000000	3648.000000	12360.000000
4112.000000	4408.000000	14496.000000
3936.000000	5080.000000	15400.000000
5044.000000	4472.000000	16936.000000
4664.000000	6128.000000	16968.000000
5288.000000	5068.000000	17676.000000
4604.000000	4864.000000	17416.000000
4740.000000	5900.000000	16700.000000
4028.000000	4384.000000	15252.000000
4096.000000	3316.000000	14544.000000
3748.000000	3956.000000	14136.000000
3740.000000	3728.000000	14816.000000
3736.000000	4152.000000	14052.000000
3680.000000	3272.000000	13848.000000
4224.000000	4224.000000	15968.000000
4680.000000	5400.000000	18148.000000
4716.000000	6144.000000	18008.000000
4212.000000	5352.000000	17076.000000
4052.000000	3108.000000	15876.000000
4076.000000	4148.000000	14648.000000
4136.000000	4880.000000	14204.000000
3904.000000	3716.000000	13752.000000
3680.000000	3624.000000	14276.000000
3812.000000	4064.000000	14952.000000
3832.000000	4276.000000	15420.000000
3840.000000	4672.000000	15136.000000
3936.000000	4128.000000	15032.000000
4044.000000	4316.000000	16548.000000
4236.000000	4936.000000	16460.000000
4144.000000	4696.000000	16840.000000
4236.000000	3808.000000	16656.000000
4112.000000	4156.000000	16224.000000
4220.000000	4664.000000	15836.000000
4048.000000	4696.000000	15728.000000
4208.000000	5168.000000	16428.000000
3924.000000	5084.000000	16580.000000
3968.000000	4776.000000	15148.000000
3768.000000	4308.000000	15340.000000
3824.000000	3652.000000	15440.000000
3884.000000	4032.000000	15320.000000
3808.000000	4612.000000	14944.000000
3936.000000	5608.000000	15084.000000
4028.000000	4824.000000	15920.000000
3716.000000	4436.000000	15208.000000
3688.000000	4684.000000	14892.000000
3872.000000	3960.000000	15252.000000
3736.000000	3976.000000	14836.000000
3436.000000	4288.000000	14944.000000
3384.000000	5332.000000	16216.000000
3736.000000	5212.000000	16776.000000
3864.000000	5280.000000	17500.000000
3616.000000	4996.000000	16620.000000
3600.000000	5000.000000	16128.000000
3288.000000	3848.000000	15592.000000
2680.000000	3400.000000	15172.000000
3320.000000	3228.000000	15096.000000
3588.000000	4560.000000	15516.000000
3700.000000	4312.000000	15860.000000
3232.000000	4548.000000	16260.000000
3476.000000	4664.000000	16992.000000
3744.000000	4696.000000	17124.000000
3844.000000	4216.000000	17040.000000
4124.000000	5180.000000	17068.000000
2804.000000	4544.000000	16372.000000
3644.000000	4840.000000	15460.000000
4088.000000	4276.000000	15120.000000
3432.000000	3976.000000	14700.000000
3700.000000	4800.000000	15332.000000
3452.000000	4664.000000	14984.000000
3824.000000	4928.000000	16896.000000
4060.000000	4880.000000	17088.000000
3964.000000	5360.000000	16232.000000
3500.000000	5004.000000	14996.000000
3712.000000	4296.000000	15220.000000
4000.000000	4352.000000	15688.000000
2748.000000	3720.000000	15344.000000
3500.000000	4536.000000	14680.000000
3956.000000	4184.000000	15304.000000
3920.000000	4400.000000	15688.000000
3924.000000	4628.000000	15768.000000
3872.000000	5204.000000	15584.000000
3984.000000	5072.000000	15856.000000
3876.000000	4896.000000	15852.000000
3920.000000	5180.000000	15416.000000
3840.000000	4516.000000	15736.000000
3596.000000	4240.000000	15708.000000
3716.000000	4000.000000	14952.000000
3500.000000	4584.000000	14672.000000
3524.000000	4388.000000	14900.000000
3720.000000	4524.000000	15188.000000
3932.000000	4800.000000	16504.000000
3988.000000	4900.000000	16708.000000
4132.000000	5240.000000	16636.000000
4008.000000	4808.000000	16664.000000
3876.000000	4804.000000	16152.000000
3548.000000	4492.000000	15888.000000
3832.000000	3936.000000	15536.000000
3540.000000	3964.000000	15596.000000
3720.000000	4356.000000	15192.000000
3672.000000	4380.000000	15148.000000
3936.000000	4388.000000	16128.000000
3992.000000	4876.000000	16276.000000
3924.000000	5024.000000	16048.000000
3740.000000	4760.000000	15264.000000
3688.000000	4172.000000	15504.000000
3780.000000	4176.000000	15788.000000
3780.000000	4500.000000	15516.000000
3860.000000	4812.000000	15744.000000
3984.000000	4684.000000	16096.000000
3624.000000	4692.000000	16140.000000
3876.000000	4556.000000	16372.000000
4080.000000	4200.000000	15924.000000
3988.000000	4212.000000	15760.000000
3856.000000	4336.000000	15432.000000
3740.000000	4516.000000	14952.000000
3712.000000	4628.000000	15136.000000
3744.000000	4724.000000	15124.000000
3892.000000	4660.000000	15524.000000
4064.000000	4936.000000	15732.000000
4344.000000	5008.000000	17104.000000
4596.000000	4864.000000	17052.000000
4200.000000	5212.000000	16192.000000
4012.000000	4984.000000	15196.000000
4264.000000	4340.000000	14732.000000
3932.000000	4072.000000	14440.000000
4184.000000	4320.000000	15092.000000
4088.000000	4776.000000	15256.000000
4096.000000	4892.000000	15512.000000
4264.000000	4648.000000	15744.000000
4032.000000	4724.000000	15516.000000
4256.000000	4516.000000	16244.000000
4292.000000	4288.000000	16216.000000
4176.000000	4232.000000	15692.000000
4144.000000	4408.000000	15440.000000
4080.000000	4724.000000	15536.000000
4068.000000	4580.000000	15536.000000
3948.000000	4472.000000	15348.000000
4064.000000	4452.000000	15628.000000
4252.000000	4784.000000	15888.000000
4344.000000	5336.000000	16108.000000
4192.000000	5204.000000	15744.000000
4404.000000	4852.000000	15572.000000
3900.000000	4968.000000	15160.000000
4140.000000	4496.000000	15556.000000
4228.000000	4544.000000	15584.000000
4232.000000	5188.000000	15916.000000
4212.000000	5128.000000	16068.000000
4208.000000	5028.000000	15912.000000
4152.000000	4312.000000	15232.000000
4148.000000	4180.000000	14984.000000
4072.000000	4692.000000	15108.000000
4188.000000	4908.000000	14700.000000
4232.000000	5048.000000	15196.000000
4368.000000	4996.000000	15836.000000
4408.000000	5480.000000	15472.000000
4452.000000	4568.000000	15504.000000
4460.000000	4120.000000	15448.000000
4440.000000	4436.000000	15528.000000
4536.000000	4620.000000	15396.000000
4364.000000	4452.000000	15596.000000
4212.000000	4892.000000	15428.000000
3992.000000	4900.000000	15328.000000
4292.000000	4564.000000	14952.000000
4228.000000	4736.000000	15180.000000
4272.000000	4904.000000	15668.000000
4112.000000	5100.000000	15656.000000
4116.000000	4668.000000	15904.000000
4168.000000	4408.000000	15692.000000
3732.000000	4640.000000	15260.000000
3384.000000	4784.000000	15344.000000
3896.000000	4736.000000	15680.000000
3540.000000	5344.000000	15768.000000
4044.000000	5208.000000	16080.000000
3996.000000	4820.000000	15824.000000
4000.000000	4948.000000	16512.000000
3808.000000	5260.000000	15884.000000
3724.000000	4940.000000	14896.000000
3908.000000	4736.000000	14852.000000
3988.000000	4532.000000	15972.000000
4064.000000	4656.000000	15992.000000
4056.000000	5220.000000	15452.000000
4008.000000	4932.000000	15792.000000
3860.000000	4728.000000	15656.000000
4084.000000	4676.000000	15308.000000
4080.000000	4660.000000	15208.000000
4216.000000	4676.000000	15180.000000
4176.000000	5132.000000	15636.000000
4052.000000	5124.000000	15564.000000
4152.000000	4760.000000	15220.000000
4096.000000	4496.000000	15312.000000
3960.000000	4204.000000	15212.000000
3856.000000	4232.000000	14908.000000
3836.000000	4532.000000	15204.000000
3624.000000	5440.000000	15652.000000
3884.000000	5420.000000	15892.000000
3496.000000	5516.000000	15452.000000
3336.000000	5140.000000	15348.000000
3432.000000	4932.000000	15156.000000
3336.000000	5176.000000	15748.000000
3384.000000	4616.000000	15852.000000
3360.000000	4868.000000	15740.000000
3604.000000	4692.000000	15340.000000
3656.000000	4424.000000	15012.000000
3560.000000	4736.000000	15052.000000
3128.000000	4836.000000	15332.000000
3992.000000	4628.000000	14868.000000
2420.000000	4664.000000	15492.000000
2640.000000	4792.000000	15056.000000
3308.000000	4340.000000	16492.000000
3420.000000	4772.000000	16852.000000
3420.000000	5376.000000	17000.000000
3508.000000	5384.000000	16392.000000
3648.000000	5080.000000	17400.000000
3008.000000	5176.000000	17468.000000
2904.000000	5368.000000	16556.000000
2760.000000	5584.000000	15720.000000
2936.000000	5640.000000	16068.000000
3040.000000	5616.000000	16516.000000
2744.000000	5032.000000	16568.000000
3092.000000	4620.000000	16700.000000
3092.000000	5084.000000	15372.000000
2920.000000	4700.000000	15056.000000
2628.000000	4308.000000	15008.000000
3200.000000	4480.000000	14776.000000
2612.000000	4488.000000	15188.000000
3140.000000	5232.000000	15600.000000
2556.000000	5036.000000	15272.000000
2936.000000	4572.000000	15596.000000
3264.000000	4424.000000	15612.000000
3296.000000	4160.000000	15496.000000
3580.000000	4308.000000	16400.000000
3556.000000	4348.000000	16764.000000
3648.000000	4400.000000	16932.000000
3476.000000	4836.000000	16828.000000
3324.000000	5028.000000	16176.000000
3408.000000	4932.000000	15956.000000
3324.000000	4764.000000	15868.000000
3480.000000	4396.000000	15824.000000
3272.000000	3584.000000	15360.000000
3176.000000	4044.000000	15300.000000
3384.000000	3672.000000	15892.000000
3904.000000	3212.000000	15508.000000
2864.000000	3716.000000	15860.000000
3448.000000	3948.000000	16312.000000
3520.000000	4128.000000	16504.000000
3204.000000	4004.000000	16032.000000
2108.000000	4996.000000	14488.000000
1664.000000	4456.000000	14124.000000
3564.000000	4544.000000	15772.000000
1508.000000	6300.000000	14200.000000
3348.000000	6972.000000	14852.000000
812.000000	5744.000000	16508.000000
2576.000000	6024.000000	16784.000000
2564.000000	6472.000000	16908.000000
2588.000000	4976.000000	16568.000000
2716.000000	5884.000000	15996.000000
2560.000000	5824.000000	15440.000000
2772.000000	5776.000000	15640.000000
2944.000000	5940.000000	15456.000000
2572.000000	5860.000000	15424.000000
2548.000000	5864.000000	15488.000000
2960.000000	5912.000000	15160.000000
2872.000000	5628.000000	15276.000000
2792.000000	5360.000000	15804.000000
2900.000000	5188.000000	15772.000000
3244.000000	5152.000000	15872.000000
2644.000000	5396.000000	16080.000000
3144.000000	4852.000000	16256.000000
2988.000000	4104.000000	15752.000000
2700.000000	5176.000000	15580.000000
2844.000000	4328.000000	15624.000000
2716.000000	4440.000000	14868.000000
2524.000000	3864.000000	15792.000000
2700.000000	4120.000000	16296.000000
3044.000000	5228.000000	16724.000000
2980.000000	5292.000000	16944.000000
3196.000000	5440.000000	16724.000000
3168.000000	5480.000000	15728.000000
3156.000000	5548.000000	15324.000000
2924.000000	5148.000000	15404.000000
4980.000000	4192.000000	15380.000000
3864.000000	5192.000000	13908.000000
3224.000000	6404.000000	15772.000000
3312.000000	4032.000000	17756.000000
3232.000000	5560.000000	16392.000000
3800.000000	4508.000000	15912.000000
3428.000000	4416.000000	15176.000000
1912.000000	2476.000000	14832.000000
4312.000000	3988.000000	14788.000000
3276.000000	4108.000000	16444.000000
4132.000000	4632.000000	15988.000000
3452.000000	4288.000000	15244.000000
3396.000000	4016.000000	15596.000000
3608.000000	3864.000000	15400.000000
3464.000000	4496.000000	16120.000000
3520.000000	4460.000000	16012.000000
3448.000000	4480.000000	15228.000000
3208.000000	4792.000000	15528.000000
2848.000000	4544.000000	15084.000000
2764.000000	3868.000000	14788.000000
3152.000000	4248.000000	15844.000000
2532.000000	4860.000000	18100.000000
2448.000000	6424.000000	15152.000000
2068.000000	5612.000000	14912.000000
2732.000000	5720.000000	16756.000000
2616.000000	5892.000000	15048.000000
2760.000000	4808.000000	14780.000000
2956.000000	4848.000000	15488.000000
2912.000000	5348.000000	15816.000000
2048.000000	5204.000000	15532.000000
2280.000000	5140.000000	14844.000000
2104.000000	4824.000000	14844.000000
2576.000000	4504.000000	14756.000000
2388.000000	4608.000000	15020.000000
1992.000000	5508.000000	15468.000000
2040.000000	5548.000000	15364.000000
1828.000000	5600.000000	15608.000000
1736.000000	5892.000000	15744.000000
1536.000000	6284.000000	16728.000000
1868.000000	5512.000000	17280.000000
1860.000000	5472.000000	16792.000000
2232.000000	4820.000000	16732.000000
2200.000000	6212.000000	16024.000000
1884.000000	5304.000000	16200.000000
2064.000000	5020.000000	16180.000000
1952.000000	4888.000000	16120.000000
1780.000000	5052.000000	14896.000000
2268.000000	3136.000000	16008.000000
2144.000000	5592.000000	15796.000000
1120.000000	6344.000000	15452.000000
2008.000000	4296.000000	14988.000000
1660.000000	4208.000000	14960.000000
1528.000000	4972.000000	17148.000000
2036.000000	4560.000000	16084.000000
696.000000	5252.000000	17480.000000
1276.000000	4352.000000	17108.000000
1260.000000	3912.000000	17416.000000
1532.000000	3864.000000	17972.000000
3216.000000	3304.000000	18176.000000
2232.000000	4620.000000	17088.000000
1404.000000	4140.000000	16332.000000
1948.000000	4324.000000	15752.000000
1372.000000	4260.000000	15572.000000
1696.000000	4240.000000	16204.000000
1920.000000	4652.000000	16240.000000
2024.000000	5096.000000	16700.000000
1968.000000	5000.000000	17092.000000
1952.000000	4704.000000	16956.000000
2256.000000	4284.000000	16152.000000
1696.000000	4256.000000	15480.000000
2360.000000	4716.000000	14780.000000
2028.000000	5372.000000	14468.000000
2012.000000	4720.000000	14484.000000
1604.000000	4836.000000	14904.000000
2372.000000	5372.000000	15872.000000
3452.000000	4024.000000	16012.000000
2948.000000	6500.000000	16440.000000
2244.000000	5092.000000	15392.000000
2452.000000	5480.000000	15332.000000
2228.000000	4768.000000	14960.000000
2392.000000	4936.000000	14720.000000
2216.000000	5344.000000	15360.000000
2204.000000	5156.000000	15424.000000
2088.000000	5508.000000	15188.000000
2176.000000	5076.000000	15448.000000
2096.000000	4836.000000	15712.000000
2088.000000	4576.000000	15932.000000
2268.000000	4380.000000	16328.000000
2156.000000	4260.000000	16564.000000
1956.000000	5056.000000	15952.000000
1856.000000	4916.000000	15180.000000
1656.000000	5308.000000	14812.000000
1412.000000	5080.000000	15068.000000
1100.000000	6148.000000	14872.000000
1280.000000	3348.000000	15924.000000
1588.000000	7532.000000	17688.000000
1292.000000	5516.000000	17112.000000
936.000000	6032.000000	17300.000000
1068.000000	6132.000000	16464.000000
1016.000000	4948.000000	15356.000000
1028.000000	4956.000000	15352.000000
1128.000000	4544.000000	15464.000000
1160.000000	4948.000000	15548.000000
1152.000000	5548.000000	15924.000000
864.000000	5196.000000	15620.000000
836.000000	6156.000000	15868.000000
252.000000	5248.000000	15828.000000
832.000000	6128.000000	16344.000000
548.000000	5580.000000	16372.000000
-640.000000	5256.000000	15024.000000
1152.000000	6896.000000	15740.000000
684.000000	4240.000000	15836.000000
980.000000	5280.000000	16080.000000
-324.000000	6904.000000	15920.000000
752.000000	5724.000000	15420.000000
1140.000000	5072.000000	16504.000000
1116.000000	5536.000000	17176.000000
1832.000000	5816.000000	15768.000000
1228.000000	6228.000000	15540.000000
1104.000000	5604.000000	15236.000000
1460.000000	5480.000000	14864.000000
1208.000000	5168.000000	14952.000000
1320.000000	5176.000000	15188.000000
1284.000000	5248.000000	16008.000000
1508.000000	5624.000000	16176.000000
1744.000000	5864.000000	16124.000000
1076.000000	5372.000000	16188.000000
1392.000000	5168.000000	16076.000000
1472.000000	4932.000000	15576.000000
1520.000000	5208.000000	15504.000000
1084.000000	4804.000000	15660.000000
1156.000000	5196.000000	16036.000000
1212.000000	4940.000000	15748.000000
1336.000000	5184.000000	16056.000000
1288.000000	5704.000000	16096.000000
1268.000000	5756.000000	16224.000000
1256.000000	5868.000000	15844.000000
1372.000000	5644.000000	15128.000000
1164.000000	4976.000000	15612.000000
1436.000000	4952.000000	15524.000000
1532.000000	4916.000000	15980.000000
