2600.000000	460.000000	13504.000000
2640.000000	848.000000	14440.000000
2460.000000	896.000000	14828.000000
2408.000000	928.000000	15008.000000
2312.000000	1100.000000	14276.000000
2632.000000	1316.000000	14520.000000
2876.000000	428.000000	13820.000000
3124.000000	-60.000000	13868.000000
3048.000000	412.000000	14228.000000
2992.000000	560.000000	14124.000000
3092.000000	172.000000	13844.000000
3180.000000	240.000000	14020.000000
2976.000000	16.000000	14356.000000
2896.000000	236.000000	14668.000000
2888.000000	-148.000000	14416.000000
2860.000000	-192.000000	14840.000000
2988.000000	-456.000000	14516.000000
2780.000000	-516.000000	14320.000000
2868.000000	-572.000000	14532.000000
2864.000000	-780.000000	14016.000000
3088.000000	-1004.000000	13992.000000
3068.000000	-1056.000000	13972.000000
3040.000000	-1048.000000	13964.000000
3068.000000	-1232.000000	14380.000000
2940.000000	-948.000000	14520.000000
2924.000000	-648.000000	14684.000000
2696.000000	-288.000000	14964.000000
2596.000000	120.000000	14764.000000
2568.000000	260.000000	14456.000000
2540.000000	160.000000	13372.000000
2136.000000	316.000000	13396.000000
2436.000000	188.000000	13528.000000
2304.000000	-48.000000	13760.000000
1952.000000	304.000000	14072.000000
2464.000000	60.000000	14112.000000
2120.000000	148.000000	15248.000000
2280.000000	824.000000	14940.000000
2508.000000	392.000000	15060.000000
2640.000000	24.000000	14144.000000
2536.000000	484.000000	13940.000000
2652.000000	52.000000	14072.000000
2764.000000	-88.000000	14248.000000
2832.000000	-36.000000	14676.000000
2780.000000	-84.000000	15584.000000
2720.000000	-36.000000	16012.000000
2540.000000	480.000000	15408.000000
2596.000000	108.000000	14972.000000
2620.000000	12.000000	14192.000000
2588.000000	-16.000000	13916.000000
2620.000000	-8.000000	13872.000000
2632.000000	-172.000000	13908.000000
2792.000000	-208.000000	13916.000000
2436.000000	52.000000	14032.000000
2480.000000	40.000000	15172.000000
2548.000000	16.000000	14968.000000
2752.000000	-32.000000	14508.000000
2688.000000	-28.000000	14024.000000
2760.000000	-476.000000	13688.000000
2792.000000	-276.000000	13884.000000
2876.000000	-444.000000	14428.000000
2716.000000	-360.000000	14804.000000
2572.000000	60.000000	15244.000000
2516.000000	516.000000	14928.000000
2600.000000	156.000000	14172.000000
2768.000000	-16.000000	14080.000000
2812.000000	-176.000000	14096.000000
2768.000000	0.000000	14208.000000
2972.000000	-16.000000	14524.000000
2808.000000	-180.000000	14876.000000
2816.000000	-16.000000	15320.000000
2836.000000	48.000000	14680.000000
2856.000000	188.000000	14564.000000
2736.000000	388.000000	13804.000000
2852.000000	288.000000	13528.000000
2920.000000	232.000000	13464.000000
2900.000000	244.000000	13992.000000
2956.000000	280.000000	14196.000000
2912.000000	76.000000	14492.000000
2848.000000	24.000000	14476.000000
2652.000000	160.000000	14312.000000
2816.000000	200.000000	14896.000000
2772.000000	-56.000000	14368.000000
2872.000000	-32.000000	14032.000000
2932.000000	-16.000000	13616.000000
2844.000000	72.000000	13024.000000
2964.000000	24.000000	13312.000000
2932.000000	56.000000	13872.000000
2996.000000	276.000000	14444.000000
3024.000000	276.000000	14664.000000
2984.000000	60.000000	15484.000000
2960.000000	288.000000	15504.000000
2968.000000	200.000000	15284.000000
3096.000000	8.000000	14704.000000
2912.000000	-148.000000	14248.000000
2572.000000	-200.000000	13992.000000
2652.000000	40.000000	13720.000000
2708.000000	112.000000	13528.000000
2620.000000	76.000000	13540.000000
2640.000000	108.000000	14240.000000
2788.000000	200.000000	15216.000000
2736.000000	160.000000	15624.000000
2692.000000	168.000000	15580.000000
2644.000000	344.000000	14692.000000
2636.000000	200.000000	14072.000000
2672.000000	-40.000000	13572.000000
2776.000000	96.000000	13200.000000
2800.000000	312.000000	13384.000000
2760.000000	308.000000	13748.000000
3028.000000	368.000000	14068.000000
2720.000000	652.000000	14800.000000
2840.000000	504.000000	14988.000000
2888.000000	556.000000	15228.000000
3044.000000	620.000000	14740.000000
2816.000000	320.000000	14232.000000
2876.000000	132.000000	13816.000000
2888.000000	52.000000	13428.000000
2968.000000	-124.000000	13124.000000
2824.000000	56.000000	13152.000000
2760.000000	156.000000	13780.000000
2764.000000	464.000000	14944.000000
2652.000000	296.000000	15012.000000
2800.000000	68.000000	14376.000000
2876.000000	-12.000000	13908.000000
2952.000000	200.000000	13560.000000
2996.000000	100.000000	12940.000000
3060.000000	-276.000000	13056.000000
2704.000000	-8.000000	12936.000000
2664.000000	272.000000	14136.000000
2728.000000	268.000000	14600.000000
2392.000000	160.000000	15076.000000
2560.000000	248.000000	14700.000000
2572.000000	572.000000	13880.000000
2488.000000	624.000000	13776.000000
2560.000000	172.000000	13960.000000
2556.000000	160.000000	13888.000000
2728.000000	-464.000000	14852.000000
2336.000000	396.000000	15488.000000
2380.000000	736.000000	16036.000000
2220.000000	688.000000	15668.000000
2164.000000	732.000000	15104.000000
2152.000000	760.000000	14900.000000
2192.000000	584.000000	14168.000000
2444.000000	-208.000000	14576.000000
2096.000000	-176.000000	14428.000000
2104.000000	244.000000	14812.000000
1964.000000	160.000000	14780.000000
1988.000000	252.000000	15148.000000
1836.000000	476.000000	14904.000000
1804.000000	568.000000	14812.000000
1996.000000	-16.000000	14512.000000
1964.000000	-336.000000	14232.000000
2056.000000	-124.000000	14184.000000
2204.000000	-344.000000	13988.000000
1988.000000	-396.000000	14300.000000
1936.000000	-52.000000	14472.000000
1764.000000	356.000000	14952.000000
1860.000000	372.000000	15244.000000
1904.000000	372.000000	15104.000000
2056.000000	372.000000	15008.000000
2112.000000	-196.000000	15100.000000
2208.000000	-324.000000	14760.000000
2104.000000	-340.000000	14968.000000
2292.000000	-720.000000	14620.000000
2092.000000	-756.000000	14860.000000
2028.000000	-316.000000	15528.000000
1892.000000	-532.000000	15116.000000
1976.000000	-488.000000	14824.000000
2116.000000	-556.000000	14260.000000
2272.000000	-636.000000	14128.000000
2128.000000	-584.000000	14044.000000
1996.000000	-544.000000	13568.000000
1968.000000	-84.000000	13936.000000
1864.000000	104.000000	13824.000000
1968.000000	212.000000	13856.000000
1932.000000	360.000000	13920.000000
1964.000000	484.000000	13920.000000
1900.000000	268.000000	13852.000000
2196.000000	324.000000	14692.000000
1972.000000	104.000000	15408.000000
1780.000000	844.000000	15488.000000
1956.000000	540.000000	15512.000000
1952.000000	404.000000	15036.000000
1964.000000	440.000000	14340.000000
2140.000000	300.000000	13960.000000
2104.000000	-292.000000	13224.000000
2112.000000	144.000000	13228.000000
2320.000000	-352.000000	13684.000000
2324.000000	-408.000000	13700.000000
2364.000000	-460.000000	13728.000000
1752.000000	108.000000	14508.000000
1596.000000	984.000000	16220.000000
2096.000000	-404.000000	16724.000000
1900.000000	76.000000	15516.000000
2076.000000	-88.000000	14384.000000
2260.000000	428.000000	12884.000000
2140.000000	-164.000000	12820.000000
2104.000000	-300.000000	13004.000000
2096.000000	52.000000	14012.000000
2112.000000	72.000000	15056.000000
2152.000000	200.000000	15564.000000
1944.000000	624.000000	14836.000000
1964.000000	380.000000	14076.000000
1868.000000	492.000000	13424.000000
2284.000000	288.000000	13424.000000
2136.000000	-156.000000	13528.000000
2204.000000	-284.000000	13772.000000
1516.000000	-292.000000	14572.000000
1724.000000	424.000000	15764.000000
1772.000000	112.000000	16360.000000
1532.000000	-120.000000	14668.000000
1712.000000	44.000000	14368.000000
1644.000000	848.000000	13672.000000
1724.000000	-824.000000	13032.000000
2184.000000	-744.000000	14076.000000
1972.000000	-928.000000	14076.000000
2056.000000	-652.000000	14644.000000
1940.000000	-148.000000	15352.000000
2140.000000	-416.000000	16316.000000
2112.000000	-520.000000	16376.000000
2108.000000	-384.000000	15740.000000
2080.000000	-200.000000	15600.000000
2048.000000	328.000000	14664.000000
2028.000000	-372.000000	13572.000000
1884.000000	-176.000000	13560.000000
2036.000000	132.000000	13640.000000
1832.000000	-88.000000	14372.000000
1876.000000	-224.000000	14296.000000
1744.000000	-160.000000	14784.000000
1820.000000	-8.000000	14184.000000
1428.000000	128.000000	13128.000000
1792.000000	-76.000000	14076.000000
1724.000000	-292.000000	14696.000000
1732.000000	216.000000	15516.000000
1832.000000	-536.000000	15180.000000
1828.000000	-472.000000	14352.000000
1752.000000	60.000000	14316.000000
1712.000000	-28.000000	14692.000000
1752.000000	-328.000000	15564.000000
1872.000000	-100.000000	15904.000000
1788.000000	120.000000	14724.000000
2100.000000	252.000000	13952.000000
2156.000000	-76.000000	13484.000000
1984.000000	236.000000	13852.000000
1960.000000	464.000000	14068.000000
1892.000000	708.000000	14840.000000
1868.000000	640.000000	15224.000000
1744.000000	664.000000	15316.000000
1796.000000	612.000000	14840.000000
2000.000000	364.000000	14560.000000
2040.000000	320.000000	14540.000000
1944.000000	320.000000	14188.000000
1880.000000	272.000000	13784.000000
1900.000000	244.000000	13752.000000
1804.000000	300.000000	13860.000000
1892.000000	264.000000	14188.000000
1896.000000	312.000000	14032.000000
1908.000000	112.000000	13848.000000
2132.000000	-24.000000	14920.000000
1956.000000	164.000000	15124.000000
1844.000000	352.000000	14996.000000
1932.000000	212.000000	15040.000000
1884.000000	116.000000	14280.000000
2224.000000	-176.000000	14208.000000
2276.000000	-224.000000	14152.000000
2272.000000	-100.000000	14396.000000
2264.000000	-248.000000	14392.000000
2000.000000	-84.000000	14960.000000
2068.000000	8.000000	15128.000000
2064.000000	-232.000000	14768.000000
2296.000000	-232.000000	14728.000000
2328.000000	-272.000000	14408.000000
2628.000000	-576.000000	14264.000000
2604.000000	-976.000000	14388.000000
2524.000000	-744.000000	14652.000000
2252.000000	-468.000000	14264.000000
2272.000000	-508.000000	14364.000000
1884.000000	440.000000	13752.000000
1560.000000	848.000000	13252.000000
1816.000000	1192.000000	13064.000000
1984.000000	812.000000	12916.000000
2380.000000	544.000000	13656.000000
2544.000000	-28.000000	14956.000000
2296.000000	-28.000000	15244.000000
2028.000000	456.000000	14624.000000
1872.000000	416.000000	14388.000000
1908.000000	96.000000	14124.000000
1904.000000	-308.000000	13772.000000
2220.000000	-788.000000	14060.000000
2168.000000	-348.000000	14848.000000
2224.000000	364.000000	15288.000000
1916.000000	-100.000000	14900.000000
1936.000000	-116.000000	14728.000000
2048.000000	44.000000	14380.000000
2028.000000	-224.000000	14196.000000
2064.000000	-392.000000	14644.000000
2092.000000	-300.000000	14228.000000
1944.000000	-248.000000	14540.000000
1816.000000	-296.000000	14552.000000
1832.000000	264.000000	14508.000000
1808.000000	252.000000	14824.000000
1544.000000	312.000000	14844.000000
1960.000000	268.000000	14744.000000
2012.000000	56.000000	14556.000000
1852.000000	-16.000000	13836.000000
2104.000000	-196.000000	14108.000000
1964.000000	464.000000	14508.000000
1832.000000	-36.000000	15152.000000
1896.000000	160.000000	15192.000000
1948.000000	-308.000000	14872.000000
2200.000000	-452.000000	14468.000000
1980.000000	-288.000000	13780.000000
1844.000000	32.000000	14176.000000
1840.000000	264.000000	14228.000000
1908.000000	-40.000000	14516.000000
2028.000000	-268.000000	14208.000000
1956.000000	-188.000000	14076.000000
1980.000000	-236.000000	14124.000000
1860.000000	-256.000000	14268.000000
2024.000000	-260.000000	14828.000000
1924.000000	-300.000000	15076.000000
1840.000000	-84.000000	14636.000000
2076.000000	-28.000000	14372.000000
2152.000000	-504.000000	14876.000000
2348.000000	-516.000000	15172.000000
1836.000000	-224.000000	14400.000000
1716.000000	392.000000	14384.000000
1832.000000	760.000000	13952.000000
1880.000000	496.000000	13700.000000
1860.000000	100.000000	14068.000000
1680.000000	368.000000	14712.000000
1372.000000	736.000000	14832.000000
1580.000000	556.000000	15872.000000
1748.000000	416.000000	15756.000000
2060.000000	-24.000000	15304.000000
1996.000000	-332.000000	14124.000000
2364.000000	-1236.000000	13668.000000
2572.000000	-1196.000000	14156.000000
1924.000000	-652.000000	14084.000000
1832.000000	-72.000000	14380.000000
1380.000000	-40.000000	14472.000000
1812.000000	-164.000000	14536.000000
1908.000000	-36.000000	14112.000000
1892.000000	-616.000000	14448.000000
1648.000000	12.000000	14092.000000
1808.000000	84.000000	14580.000000
1612.000000	168.000000	14732.000000
1568.000000	276.000000	14868.000000
1792.000000	160.000000	15304.000000
1996.000000	-272.000000	14996.000000
2164.000000	-320.000000	13720.000000
2044.000000	-504.000000	13944.000000
2232.000000	-1000.000000	13600.000000
1896.000000	-572.000000	14696.000000
2212.000000	-524.000000	15320.000000
1972.000000	-364.000000	14336.000000
1912.000000	-64.000000	14552.000000
1860.000000	224.000000	14620.000000
1836.000000	-244.000000	13548.000000
1920.000000	-376.000000	13888.000000
1968.000000	-360.000000	14264.000000
1712.000000	-112.000000	14408.000000
1676.000000	-248.000000	14624.000000
1876.000000	-32.000000	14760.000000
1848.000000	-76.000000	14820.000000
1932.000000	-100.000000	14936.000000
1964.000000	-124.000000	14724.000000
2016.000000	-276.000000	14600.000000
1892.000000	-164.000000	14596.000000
1728.000000	-76.000000	14972.000000
1900.000000	-164.000000	14748.000000
1848.000000	-156.000000	14288.000000
1880.000000	-132.000000	14060.000000
1784.000000	-244.000000	14252.000000
1812.000000	-508.000000	14528.000000
1864.000000	-196.000000	14424.000000
1912.000000	-240.000000	14480.000000
2008.000000	-188.000000	14456.000000
1808.000000	-432.000000	14488.000000
1932.000000	-672.000000	14520.000000
1892.000000	-356.000000	14528.000000
1900.000000	-388.000000	14652.000000
1964.000000	-288.000000	14572.000000
2252.000000	-648.000000	14452.000000
1916.000000	-316.000000	14796.000000
1884.000000	-140.000000	14624.000000
1764.000000	-128.000000	14236.000000
1988.000000	-356.000000	14420.000000
1924.000000	-280.000000	14652.000000
1844.000000	-52.000000	14544.000000
1796.000000	-80.000000	13984.000000
1748.000000	44.000000	14300.000000
1736.000000	176.000000	14412.000000
1696.000000	44.000000	14216.000000
1748.000000	-44.000000	14328.000000
1932.000000	-88.000000	14792.000000
1924.000000	-248.000000	14712.000000
1816.000000	-188.000000	14416.000000
1940.000000	-336.000000	14100.000000
1972.000000	-536.000000	14648.000000
2060.000000	-348.000000	14544.000000
1920.000000	-20.000000	14308.000000
1840.000000	84.000000	14376.000000
2040.000000	-12.000000	14600.000000
2012.000000	-192.000000	14672.000000
1924.000000	-312.000000	14352.000000
1712.000000	-84.000000	14192.000000
2128.000000	-436.000000	15272.000000
2052.000000	-740.000000	14688.000000
1920.000000	-272.000000	14364.000000
2068.000000	-444.000000	13764.000000
2064.000000	-264.000000	13688.000000
1948.000000	-652.000000	14056.000000
1772.000000	-456.000000	13824.000000
2200.000000	304.000000	14424.000000
1628.000000	-444.000000	14080.000000
1508.000000	240.000000	14284.000000
1592.000000	540.000000	15388.000000
1880.000000	-176.000000	15580.000000
1844.000000	-624.000000	15380.000000
2208.000000	-748.000000	15116.000000
1900.000000	-684.000000	14204.000000
1968.000000	-808.000000	13836.000000
1980.000000	-744.000000	13524.000000
1908.000000	-560.000000	13668.000000
1748.000000	-16.000000	14460.000000
1764.000000	192.000000	14984.000000
1884.000000	-264.000000	15484.000000
1920.000000	-268.000000	14708.000000
2080.000000	-64.000000	14476.000000
1500.000000	-44.000000	12992.000000
2188.000000	-408.000000	13920.000000
2284.000000	-552.000000	14012.000000
1980.000000	128.000000	14524.000000
2192.000000	12.000000	14660.000000
2264.000000	-160.000000	14808.000000
2076.000000	-116.000000	14856.000000
2024.000000	-40.000000	14960.000000
1932.000000	-224.000000	14400.000000
2004.000000	-180.000000	14272.000000
1856.000000	-360.000000	13948.000000
1844.000000	-640.000000	14164.000000
2024.000000	-616.000000	14840.000000
1796.000000	-392.000000	14520.000000
1644.000000	-204.000000	14456.000000
1672.000000	-304.000000	14732.000000
1968.000000	-440.000000	14288.000000
1960.000000	-792.000000	14256.000000
1772.000000	-576.000000	14208.000000
1924.000000	-240.000000	14336.000000
1920.000000	-340.000000	14416.000000
1972.000000	-444.000000	14464.000000
1920.000000	-424.000000	14468.000000
1964.000000	-496.000000	15124.000000
2120.000000	-364.000000	15052.000000
1972.000000	-432.000000	14760.000000
2148.000000	-532.000000	15016.000000
1920.000000	-524.000000	13716.000000
2048.000000	-468.000000	13788.000000
2000.000000	-192.000000	13884.000000
2016.000000	-356.000000	14268.000000
2196.000000	-432.000000	14564.000000
2404.000000	-444.000000	14920.000000
1852.000000	144.000000	14952.000000
2140.000000	-64.000000	15272.000000
2044.000000	32.000000	15312.000000
2036.000000	-312.000000	14580.000000
2152.000000	-12.000000	13944.000000
2132.000000	-152.000000	13396.000000
2076.000000	-456.000000	13564.000000
1960.000000	-296.000000	14480.000000
1828.000000	128.000000	14872.000000
1952.000000	-228.000000	15584.000000
1812.000000	-52.000000	15016.000000
2020.000000	-84.000000	14508.000000
2048.000000	-288.000000	13904.000000
1972.000000	-384.000000	14040.000000
1884.000000	-396.000000	14368.000000
1916.000000	-152.000000	14352.000000
1844.000000	-156.000000	14756.000000
1836.000000	-252.000000	14404.000000
2216.000000	-520.000000	14284.000000
2248.000000	-488.000000	14476.000000
2040.000000	-488.000000	14176.000000
1908.000000	-296.000000	14244.000000
1904.000000	-496.000000	14864.000000
1744.000000	-116.000000	15048.000000
1552.000000	92.000000	14940.000000
1792.000000	116.000000	14700.000000
1952.000000	-352.000000	14476.000000
2088.000000	-676.000000	14120.000000
2056.000000	-372.000000	13820.000000
2024.000000	-176.000000	14208.000000
2272.000000	-176.000000	14432.000000
2132.000000	0.000000	14592.000000
1936.000000	-24.000000	14312.000000
2064.000000	-408.000000	14724.000000
2156.000000	-280.000000	14484.000000
2140.000000	-428.000000	14724.000000
2100.000000	-484.000000	14788.000000
2292.000000	-420.000000	15060.000000
2200.000000	-732.000000	14636.000000
2156.000000	-384.000000	14268.000000
2004.000000	-248.000000	13828.000000
2096.000000	-404.000000	13656.000000
2012.000000	-208.000000	13348.000000
2132.000000	-124.000000	13780.000000
2252.000000	-400.000000	15112.000000
2048.000000	-204.000000	15640.000000
1828.000000	624.000000	15292.000000
1956.000000	300.000000	15064.000000
2140.000000	-108.000000	14420.000000
2216.000000	-384.000000	13788.000000
2452.000000	-652.000000	13900.000000
2248.000000	-752.000000	13668.000000
2204.000000	-540.000000	14300.000000
2020.000000	-124.000000	14024.000000
1988.000000	20.000000	14440.000000
1960.000000	148.000000	14508.000000
2144.000000	212.000000	15284.000000
2088.000000	-128.000000	14980.000000
2144.000000	-232.000000	14328.000000
2312.000000	-280.000000	13668.000000
2424.000000	-488.000000	13568.000000
2616.000000	-676.000000	13800.000000
2476.000000	-776.000000	14008.000000
2296.000000	-268.000000	14624.000000
2160.000000	92.000000	15068.000000
2020.000000	196.000000	14628.000000
2088.000000	-120.000000	13616.000000
1984.000000	140.000000	14360.000000
1980.000000	160.000000	14556.000000
1992.000000	144.000000	14580.000000
2052.000000	-132.000000	14580.000000
2036.000000	-16.000000	14332.000000
1988.000000	-164.000000	14188.000000
2232.000000	-88.000000	14788.000000
1936.000000	64.000000	15236.000000
1932.000000	-128.000000	15412.000000
1880.000000	-124.000000	14660.000000
2044.000000	-92.000000	14272.000000
1952.000000	-188.000000	14340.000000
1948.000000	-236.000000	14388.000000
2092.000000	-216.000000	14772.000000
1880.000000	-196.000000	15008.000000
1836.000000	0.000000	15264.000000
1760.000000	220.000000	15208.000000
1616.000000	116.000000	15288.000000
1856.000000	-104.000000	15012.000000
1888.000000	-416.000000	14324.000000
1948.000000	-416.000000	13872.000000
1960.000000	-680.000000	13820.000000
2088.000000	-656.000000	14364.000000
1980.000000	-576.000000	14552.000000
1612.000000	-32.000000	14672.000000
1712.000000	492.000000	14536.000000
1612.000000	488.000000	14340.000000
1664.000000	384.000000	14100.000000
1648.000000	628.000000	14260.000000
1848.000000	820.000000	14736.000000
1216.000000	732.000000	13724.000000
296.000000	1680.000000	11864.000000
-768.000000	2172.000000	10524.000000
-1056.000000	824.000000	7852.000000
-796.000000	88.000000	3480.000000
-144.000000	60.000000	-2148.000000
2352.000000	-72.000000	-2676.000000
2140.000000	668.000000	-2344.000000
1836.000000	1264.000000	-3264.000000
3380.000000	-112.000000	-1180.000000
1620.000000	-232.000000	5840.000000
856.000000	-732.000000	12348.000000
2616.000000	-3108.000000	17940.000000
-3052.000000	-3940.000000	17472.000000
-756.000000	-8052.000000	22488.000000
-2252.000000	-5820.000000	28672.000000
-7132.000000	-7104.000000	31436.000000
-8836.000000	-10172.000000	31448.000000
-7996.000000	-8312.000000	27392.000000
-8020.000000	-5596.000000	25852.000000
-7348.000000	-4652.000000	22872.000000
-7088.000000	-3244.000000	21464.000000
-7256.000000	-1732.000000	19344.000000
-6788.000000	-404.000000	17012.000000
-7320.000000	396.000000	16420.000000
-7192.000000	1036.000000	14248.000000
-6340.000000	1576.000000	11048.000000
-4996.000000	-820.000000	8704.000000
-3676.000000	-2244.000000	6924.000000
-3448.000000	-3164.000000	6152.000000
-2952.000000	-3328.000000	7372.000000
-3516.000000	-5020.000000	11540.000000
-4592.000000	-5684.000000	14856.000000
-5800.000000	-4792.000000	17888.000000
-6328.000000	-3376.000000	20124.000000
-6288.000000	-4140.000000	20932.000000
-5760.000000	-5264.000000	22812.000000
-5612.000000	-6920.000000	24448.000000
-6068.000000	-6964.000000	25340.000000
-5784.000000	-6116.000000	25204.000000
-5316.000000	-5356.000000	23984.000000
-4420.000000	-4740.000000	23940.000000
-3072.000000	-5172.000000	22592.000000
-1448.000000	-4424.000000	20348.000000
-724.000000	-4268.000000	20304.000000
-976.000000	-4200.000000	19484.000000
-240.000000	-3956.000000	17740.000000
52.000000	-3488.000000	15244.000000
264.000000	-2600.000000	10044.000000
-628.000000	-1764.000000	5212.000000
2588.000000	-376.000000	4024.000000
-20.000000	360.000000	2084.000000
-2416.000000	104.000000	3792.000000
-1748.000000	1208.000000	3184.000000
-908.000000	504.000000	5468.000000
-260.000000	-2676.000000	5628.000000
-244.000000	488.000000	2584.000000
-124.000000	116.000000	3832.000000
8.000000	1648.000000	6928.000000
1108.000000	1344.000000	10196.000000
2476.000000	1176.000000	14404.000000
3824.000000	608.000000	17036.000000
4500.000000	-160.000000	19088.000000
4508.000000	-1104.000000	18444.000000
3436.000000	-960.000000	13416.000000
2400.000000	1580.000000	10436.000000
2664.000000	1468.000000	9536.000000
3136.000000	1436.000000	9268.000000
3440.000000	560.000000	11660.000000
4188.000000	116.000000	14060.000000
3652.000000	1288.000000	15440.000000
4256.000000	1884.000000	16332.000000
3472.000000	2512.000000	16784.000000
3912.000000	2760.000000	17904.000000
4344.000000	1232.000000	17736.000000
4484.000000	52.000000	16004.000000
4496.000000	-444.000000	15248.000000
4056.000000	-200.000000	14276.000000
3736.000000	-176.000000	13404.000000
3260.000000	-196.000000	13292.000000
3260.000000	60.000000	13708.000000
2832.000000	256.000000	13708.000000
2956.000000	860.000000	15000.000000
3016.000000	736.000000	15220.000000
2888.000000	1072.000000	15356.000000
3000.000000	892.000000	14248.000000
3336.000000	48.000000	12908.000000
3544.000000	-704.000000	12300.000000
3548.000000	-540.000000	11984.000000
3248.000000	-300.000000	11752.000000
3012.000000	192.000000	12800.000000
3436.000000	1056.000000	14972.000000
3436.000000	1416.000000	14896.000000
3456.000000	1220.000000	14320.000000
3608.000000	816.000000	14128.000000
3840.000000	1060.000000	14312.000000
3724.000000	1028.000000	14036.000000
3700.000000	984.000000	14416.000000
3968.000000	636.000000	14904.000000
3988.000000	656.000000	15232.000000
3772.000000	244.000000	15288.000000
3712.000000	616.000000	14120.000000
3396.000000	424.000000	13688.000000
2820.000000	832.000000	12552.000000
3148.000000	920.000000	12684.000000
3456.000000	212.000000	14104.000000
3308.000000	460.000000	14624.000000
3040.000000	812.000000	15032.000000
3220.000000	1036.000000	15284.000000
3200.000000	1080.000000	15120.000000
3272.000000	1016.000000	14020.000000
3272.000000	564.000000	14168.000000
3456.000000	964.000000	15108.000000
3324.000000	860.000000	15280.000000
3236.000000	1104.000000	15540.000000
3196.000000	1212.000000	15580.000000
3384.000000	1032.000000	16180.000000
3496.000000	332.000000	16036.000000
3200.000000	140.000000	14468.000000
2984.000000	508.000000	13552.000000
3104.000000	-44.000000	13604.000000
2792.000000	324.000000	13636.000000
2940.000000	872.000000	13652.000000
3104.000000	1052.000000	13824.000000
3236.000000	908.000000	13892.000000
3416.000000	944.000000	14400.000000
3556.000000	1520.000000	14416.000000
3536.000000	1128.000000	13996.000000
3284.000000	944.000000	13452.000000
3612.000000	780.000000	13188.000000
3424.000000	1584.000000	13628.000000
3844.000000	1412.000000	15960.000000
3728.000000	1504.000000	14888.000000
3688.000000	1216.000000	14180.000000
3112.000000	1420.000000	13840.000000
3400.000000	784.000000	14056.000000
3392.000000	544.000000	14156.000000
3404.000000	456.000000	13180.000000
3524.000000	172.000000	13700.000000
3544.000000	200.000000	14824.000000
3700.000000	-20.000000	14424.000000
3432.000000	168.000000	14052.000000
3636.000000	448.000000	13884.000000
3708.000000	256.000000	12952.000000
3812.000000	320.000000	13296.000000
3580.000000	676.000000	13880.000000
3564.000000	908.000000	14032.000000
3576.000000	1020.000000	14640.000000
3748.000000	620.000000	14948.000000
3820.000000	608.000000	14716.000000
3408.000000	964.000000	14268.000000
3436.000000	748.000000	14732.000000
3180.000000	1284.000000	14332.000000
3400.000000	1204.000000	14384.000000
3140.000000	1252.000000	14848.000000
3096.000000	1136.000000	14492.000000
3176.000000	880.000000	14120.000000
3172.000000	492.000000	14212.000000
3068.000000	492.000000	13928.000000
3100.000000	496.000000	13288.000000
3124.000000	504.000000	13840.000000
3128.000000	628.000000	14268.000000
3296.000000	600.000000	14488.000000
3500.000000	624.000000	14740.000000
3428.000000	792.000000	14668.000000
3532.000000	908.000000	14748.000000
3540.000000	952.000000	14408.000000
3532.000000	988.000000	14020.000000
3660.000000	792.000000	13980.000000
3928.000000	568.000000	14276.000000
3648.000000	552.000000	14180.000000
3784.000000	960.000000	14432.000000
3828.000000	708.000000	15072.000000
3944.000000	520.000000	15232.000000
3644.000000	600.000000	14556.000000
3464.000000	756.000000	13792.000000
3500.000000	456.000000	13460.000000
3408.000000	192.000000	13124.000000
3344.000000	264.000000	14064.000000
3316.000000	512.000000	14132.000000
3072.000000	616.000000	14124.000000
3444.000000	336.000000	14208.000000
3320.000000	472.000000	13632.000000
3416.000000	608.000000	14204.000000
3408.000000	660.000000	14444.000000
3428.000000	812.000000	14492.000000
3440.000000	736.000000	14224.000000
3392.000000	504.000000	13896.000000
3696.000000	564.000000	12844.000000
2968.000000	484.000000	12660.000000
2868.000000	768.000000	12896.000000
2652.000000	660.000000	12772.000000
2368.000000	1852.000000	13412.000000
3084.000000	2612.000000	13340.000000
3296.000000	2100.000000	14640.000000
3084.000000	1544.000000	14724.000000
2936.000000	1716.000000	14072.000000
3260.000000	1380.000000	12940.000000
3072.000000	1512.000000	13444.000000
2476.000000	2128.000000	13496.000000
2764.000000	2168.000000	13488.000000
1888.000000	2316.000000	12672.000000
1780.000000	2760.000000	12776.000000
1440.000000	2200.000000	12656.000000
1136.000000	1452.000000	11540.000000
-808.000000	1508.000000	9636.000000
-964.000000	260.000000	7328.000000
-560.000000	256.000000	3668.000000
200.000000	-40.000000	716.000000
772.000000	600.000000	-780.000000
1604.000000	-524.000000	-2612.000000
2856.000000	364.000000	1436.000000
2648.000000	-2012.000000	356.000000
2532.000000	-48.000000	5264.000000
4240.000000	136.000000	12128.000000
-1740.000000	-2044.000000	13760.000000
-10764.000000	-3344.000000	25412.000000
-5780.000000	-7024.000000	24540.000000
-7116.000000	-8064.000000	28144.000000
-12360.000000	-12612.000000	30444.000000
-16432.000000	-8948.000000	32767.000000
-21612.000000	-17904.000000	32767.000000
-17228.000000	-860.000000	26688.000000
-12900.000000	-1652.000000	18344.000000
-12468.000000	-4024.000000	22832.000000
-8916.000000	-6544.000000	16660.000000
-7216.000000	-1556.000000	14044.000000
-7904.000000	576.000000	11724.000000
-8188.000000	412.000000	11516.000000
-9280.000000	-2616.000000	14064.000000
-9708.000000	-4852.000000	16480.000000
-10008.000000	-4340.000000	15412.000000
-8856.000000	-3064.000000	14084.000000
-7284.000000	-4580.000000	13580.000000
-5864.000000	-4984.000000	12180.000000
-5360.000000	-4736.000000	12844.000000
-5096.000000	-4872.000000	14076.000000
-6388.000000	-6456.000000	16404.000000
-6728.000000	-6732.000000	19588.000000
-7580.000000	-7688.000000	21808.000000
-7128.000000	-6268.000000	21308.000000
-6108.000000	-5532.000000	21824.000000
-4524.000000	-6720.000000	20804.000000
-3188.000000	-6716.000000	20196.000000
-1756.000000	-6568.000000	18764.000000
-1168.000000	-5392.000000	16828.000000
-640.000000	-4080.000000	14960.000000
-348.000000	-1876.000000	13352.000000
-784.000000	-1928.000000	11412.000000
680.000000	-1896.000000	10180.000000
640.000000	-1672.000000	9148.000000
1536.000000	-1520.000000	10444.000000
2288.000000	168.000000	10724.000000
2056.000000	208.000000	7184.000000
-1164.000000	1020.000000	6176.000000
944.000000	1944.000000	6576.000000
420.000000	1940.000000	3628.000000
-412.000000	2764.000000	2516.000000
84.000000	2824.000000	1948.000000
2208.000000	780.000000	4936.000000
3184.000000	928.000000	8864.000000
3296.000000	1640.000000	10136.000000
3608.000000	2168.000000	11664.000000
4728.000000	1796.000000	13980.000000
5892.000000	948.000000	17316.000000
5696.000000	1236.000000	17468.000000
5540.000000	2260.000000	15872.000000
6036.000000	952.000000	13076.000000
6076.000000	1820.000000	12604.000000
6504.000000	1008.000000	13204.000000
6468.000000	1172.000000	13532.000000
5888.000000	944.000000	13420.000000
5600.000000	1028.000000	13444.000000
5624.000000	696.000000	14276.000000
5044.000000	588.000000	14760.000000
4220.000000	960.000000	14512.000000
3748.000000	896.000000	13968.000000
4128.000000	424.000000	13332.000000
4636.000000	-852.000000	13336.000000
4576.000000	-1028.000000	12124.000000
4772.000000	-1020.000000	11544.000000
4828.000000	-772.000000	11272.000000
5348.000000	-472.000000	12420.000000
5232.000000	396.000000	14576.000000
5468.000000	528.000000	16076.000000
5464.000000	760.000000	16764.000000
5212.000000	1172.000000	16556.000000
4636.000000	1428.000000	15016.000000
4616.000000	1504.000000	14476.000000
4576.000000	1512.000000	14528.000000
4684.000000	1056.000000	14588.000000
4416.000000	1556.000000	13656.000000
4244.000000	1872.000000	13264.000000
4596.000000	1524.000000	14124.000000
5120.000000	1204.000000	14448.000000
5224.000000	420.000000	15168.000000
5104.000000	896.000000	16076.000000
4760.000000	1164.000000	16196.000000
4652.000000	892.000000	14884.000000
4400.000000	468.000000	13456.000000
4508.000000	-112.000000	12588.000000
4512.000000	-164.000000	12016.000000
4604.000000	-508.000000	11700.000000
4800.000000	-456.000000	11972.000000
4996.000000	-212.000000	13912.000000
4876.000000	292.000000	15240.000000
4728.000000	1156.000000	15676.000000
4552.000000	1064.000000	14612.000000
4632.000000	500.000000	13488.000000
4780.000000	68.000000	13256.000000
4804.000000	236.000000	13152.000000
4700.000000	452.000000	13116.000000
4896.000000	252.000000	14292.000000
4636.000000	588.000000	14120.000000
4352.000000	1132.000000	13756.000000
4568.000000	920.000000	13668.000000
4644.000000	404.000000	14396.000000
4516.000000	876.000000	14636.000000
4592.000000	1144.000000	14948.000000
4700.000000	560.000000	15084.000000
4740.000000	464.000000	14308.000000
4736.000000	400.000000	13412.000000
4916.000000	64.000000	13504.000000
5048.000000	-64.000000	14996.000000
5060.000000	184.000000	14928.000000
4796.000000	292.000000	14056.000000
4828.000000	-128.000000	13312.000000
4768.000000	-188.000000	13780.000000
4496.000000	484.000000	13168.000000
4428.000000	312.000000	12868.000000
4492.000000	664.000000	13124.000000
4504.000000	996.000000	13980.000000
4644.000000	884.000000	13924.000000
4832.000000	532.000000	14064.000000
4904.000000	564.000000	15336.000000
4700.000000	1208.000000	15028.000000
4408.000000	1032.000000	14236.000000
4544.000000	928.000000	13284.000000
4520.000000	696.000000	13496.000000
4736.000000	580.000000	14512.000000
4772.000000	756.000000	14700.000000
4520.000000	1024.000000	14220.000000
4928.000000	688.000000	13928.000000
4984.000000	532.000000	15316.000000
4888.000000	788.000000	15260.000000
4432.000000	828.000000	13964.000000
4552.000000	560.000000	13016.000000
4796.000000	100.000000	13076.000000
4660.000000	44.000000	12788.000000
4504.000000	396.000000	12732.000000
4692.000000	-80.000000	13460.000000
5004.000000	396.000000	14884.000000
4568.000000	896.000000	14572.000000
4652.000000	884.000000	14480.000000
4560.000000	684.000000	13824.000000
4440.000000	1024.000000	13288.000000
4448.000000	576.000000	13032.000000
4552.000000	544.000000	13688.000000
4448.000000	920.000000	13928.000000
4600.000000	1116.000000	13960.000000
5276.000000	520.000000	15576.000000
5140.000000	616.000000	15756.000000
4708.000000	1280.000000	14968.000000
4592.000000	1240.000000	13664.000000
4628.000000	392.000000	12884.000000
4860.000000	232.000000	12452.000000
4964.000000	244.000000	13864.000000
4820.000000	260.000000	14432.000000
4568.000000	556.000000	14600.000000
4560.000000	672.000000	14324.000000
4844.000000	412.000000	14280.000000
4700.000000	300.000000	13856.000000
4432.000000	860.000000	13080.000000
4368.000000	1192.000000	14240.000000
4644.000000	984.000000	14892.000000
4836.000000	900.000000	14360.000000
4664.000000	1056.000000	14092.000000
4920.000000	736.000000	13800.000000
4732.000000	416.000000	13640.000000
4548.000000	640.000000	13280.000000
4804.000000	832.000000	13848.000000
4700.000000	756.000000	14284.000000
4672.000000	804.000000	14112.000000
4368.000000	688.000000	13684.000000
4640.000000	424.000000	14072.000000
4484.000000	676.000000	13964.000000
4300.000000	736.000000	13172.000000
4636.000000	440.000000	13176.000000
4964.000000	304.000000	14660.000000
4776.000000	1056.000000	14568.000000
4552.000000	1284.000000	13988.000000
4800.000000	964.000000	13752.000000
5016.000000	632.000000	14432.000000
5000.000000	884.000000	15180.000000
4844.000000	1068.000000	14912.000000
4716.000000	668.000000	14232.000000
4824.000000	412.000000	14568.000000
4812.000000	480.000000	13492.000000
4580.000000	480.000000	12852.000000
4556.000000	320.000000	13572.000000
4960.000000	476.000000	14644.000000
4704.000000	892.000000	14352.000000
4776.000000	756.000000	13840.000000
5004.000000	248.000000	14120.000000
4852.000000	620.000000	13500.000000
5008.000000	564.000000	13092.000000
4876.000000	300.000000	13584.000000
4868.000000	672.000000	13896.000000
4556.000000	900.000000	13872.000000
4732.000000	704.000000	13560.000000
4816.000000	860.000000	13516.000000
4632.000000	760.000000	13624.000000
4844.000000	624.000000	14132.000000
4816.000000	976.000000	14076.000000
4868.000000	1060.000000	13940.000000
4736.000000	1024.000000	13416.000000
4696.000000	776.000000	13128.000000
4860.000000	684.000000	13720.000000
5112.000000	416.000000	14564.000000
4852.000000	692.000000	13944.000000
4632.000000	1144.000000	14200.000000
4960.000000	1060.000000	14572.000000
4656.000000	964.000000	13856.000000
4640.000000	1284.000000	13464.000000
4656.000000	728.000000	13080.000000
4556.000000	1036.000000	13824.000000
4576.000000	1104.000000	13920.000000
4828.000000	812.000000	14448.000000
4760.000000	792.000000	14748.000000
4628.000000	1104.000000	13920.000000
4940.000000	788.000000	14740.000000
4836.000000	504.000000	14268.000000
4600.000000	1088.000000	13552.000000
4424.000000	1088.000000	13484.000000
4588.000000	1000.000000	13948.000000
4764.000000	640.000000	14356.000000
4680.000000	1136.000000	14584.000000
4844.000000	1132.000000	15076.000000
4920.000000	772.000000	14488.000000
4756.000000	568.000000	13772.000000
4616.000000	352.000000	12888.000000
4632.000000	764.000000	12684.000000
4892.000000	576.000000	13388.000000
5064.000000	700.000000	14676.000000
5128.000000	1072.000000	15316.000000
4852.000000	1276.000000	14852.000000
4872.000000	1264.000000	13352.000000
4788.000000	912.000000	12808.000000
4740.000000	920.000000	12620.000000
5096.000000	600.000000	14056.000000
5264.000000	520.000000	15148.000000
4892.000000	1096.000000	14780.000000
4724.000000	1280.000000	13956.000000
4728.000000	940.000000	13240.000000
4588.000000	968.000000	12644.000000
4480.000000	908.000000	13320.000000
4900.000000	1220.000000	14792.000000
4584.000000	1776.000000	14616.000000
4632.000000	1560.000000	14176.000000
4948.000000	1012.000000	14072.000000
5184.000000	296.000000	14292.000000
4740.000000	948.000000	13752.000000
4552.000000	1024.000000	13196.000000
4716.000000	732.000000	13364.000000
5068.000000	680.000000	15556.000000
4920.000000	924.000000	14928.000000
4664.000000	1000.000000	13940.000000
4432.000000	572.000000	12548.000000
4828.000000	460.000000	12956.000000
4796.000000	856.000000	13408.000000
4692.000000	1116.000000	13724.000000
4812.000000	1180.000000	14492.000000
5072.000000	1208.000000	14972.000000
4420.000000	1452.000000	14020.000000
4568.000000	1404.000000	13416.000000
4840.000000	1068.000000	13972.000000
4696.000000	1072.000000	13836.000000
4632.000000	1472.000000	14292.000000
4624.000000	1428.000000	14496.000000
4676.000000	1132.000000	13960.000000
4600.000000	1044.000000	13608.000000
4828.000000	704.000000	13504.000000
4884.000000	716.000000	13556.000000
4796.000000	816.000000	13620.000000
4884.000000	1096.000000	13964.000000
4904.000000	1200.000000	14172.000000
4968.000000	1056.000000	14168.000000
4696.000000	1292.000000	13612.000000
4804.000000	1232.000000	13524.000000
4896.000000	800.000000	13560.000000
4804.000000	1192.000000	13528.000000
4892.000000	1000.000000	14356.000000
4984.000000	1108.000000	14204.000000
4828.000000	1224.000000	13984.000000
4780.000000	944.000000	13636.000000
4900.000000	700.000000	13340.000000
4716.000000	788.000000	13452.000000
4924.000000	908.000000	14520.000000
4788.000000	872.000000	14524.000000
4648.000000	1320.000000	13992.000000
4608.000000	1196.000000	14044.000000
4764.000000	800.000000	14028.000000
4576.000000	1072.000000	13708.000000
4532.000000	1368.000000	13464.000000
4908.000000	1160.000000	14804.000000
4924.000000	1124.000000	14592.000000
4972.000000	1228.000000	14412.000000
4712.000000	1140.000000	14204.000000
4644.000000	1128.000000	14032.000000
4820.000000	560.000000	14448.000000
4724.000000	372.000000	14264.000000
4332.000000	812.000000	13492.000000
4500.000000	1044.000000	13568.000000
4548.000000	1040.000000	13096.000000
4632.000000	940.000000	13084.000000
4824.000000	1468.000000	13520.000000
5008.000000	1600.000000	14372.000000
4872.000000	1520.000000	14440.000000
4724.000000	1668.000000	14152.000000
4456.000000	1940.000000	12756.000000
4632.000000	1096.000000	12020.000000
4716.000000	896.000000	11896.000000
4564.000000	1220.000000	12644.000000
4436.000000	1600.000000	13560.000000
4428.000000	2120.000000	14388.000000
4412.000000	1804.000000	14372.000000
4348.000000	1648.000000	12884.000000
4584.000000	1352.000000	12428.000000
4228.000000	1156.000000	12288.000000
4132.000000	1488.000000	12988.000000
3344.000000	1392.000000	11972.000000
3640.000000	1476.000000	11732.000000
3144.000000	1100.000000	10936.000000
2872.000000	824.000000	10800.000000
2052.000000	744.000000	9764.000000
1776.000000	744.000000	9840.000000
1564.000000	1464.000000	10200.000000
948.000000	704.000000	9468.000000
300.000000	1352.000000	8224.000000
-704.000000	2540.000000	7332.000000
-1272.000000	76.000000	6484.000000
-1348.000000	1860.000000	5536.000000
-636.000000	72.000000	3944.000000
2296.000000	-1372.000000	3844.000000
584.000000	-1184.000000	3484.000000
1724.000000	-2788.000000	4672.000000
3384.000000	-2664.000000	4432.000000
2652.000000	-3324.000000	2048.000000
1480.000000	-4312.000000	5740.000000
1416.000000	-5544.000000	12532.000000
4612.000000	-8352.000000	20296.000000
-7116.000000	-12852.000000	22708.000000
-4372.000000	-30976.000000	32767.000000
-31960.000000	-19552.000000	32767.000000
-32768.000000	16376.000000	32767.000000
-23284.000000	8000.000000	25444.000000
-2084.000000	-24608.000000	7400.000000
-3232.000000	-10420.000000	15280.000000
-2716.000000	-7136.000000	8740.000000
1976.000000	-816.000000	8392.000000
-7988.000000	-1404.000000	8348.000000
-9152.000000	-4856.000000	12152.000000
-8972.000000	-5036.000000	11856.000000
-7256.000000	-4160.000000	13804.000000
-4860.000000	-4652.000000	11680.000000
-4156.000000	-5528.000000	9948.000000
-5124.000000	-6444.000000	11228.000000
-5760.000000	-8816.000000	12868.000000
-6232.000000	-7504.000000	13128.000000
-7348.000000	-5828.000000	13724.000000
-7156.000000	-4596.000000	13616.000000
-5996.000000	-6208.000000	13936.000000
-7092.000000	-6252.000000	14240.000000
-6088.000000	-5056.000000	13896.000000
-5700.000000	-3768.000000	13284.000000
-5024.000000	-4344.000000	15252.000000
-4204.000000	-5400.000000	17316.000000
-4420.000000	-6716.000000	17936.000000
-5148.000000	-4796.000000	17352.000000
-5612.000000	-2736.000000	16560.000000
-5800.000000	-1152.000000	16372.000000
-4880.000000	-1628.000000	16312.000000
-3300.000000	-1812.000000	15560.000000
-3096.000000	-696.000000	9876.000000
-1800.000000	-2976.000000	12824.000000
932.000000	-1728.000000	13196.000000
1752.000000	-3964.000000	13748.000000
1704.000000	-5032.000000	14072.000000
744.000000	-2540.000000	12536.000000
432.000000	-320.000000	10532.000000
548.000000	-828.000000	7264.000000
860.000000	-1020.000000	6844.000000
568.000000	-620.000000	7744.000000
832.000000	140.000000	9064.000000
596.000000	572.000000	9168.000000
384.000000	1592.000000	10920.000000
664.000000	1056.000000	12544.000000
44.000000	1060.000000	13508.000000
108.000000	708.000000	12976.000000
536.000000	408.000000	12660.000000
1044.000000	-280.000000	12272.000000
1444.000000	-568.000000	12592.000000
1760.000000	-116.000000	13476.000000
1868.000000	340.000000	13448.000000
2284.000000	168.000000	13032.000000
2648.000000	-84.000000	12108.000000
2696.000000	-304.000000	12504.000000
2948.000000	-308.000000	14544.000000
3132.000000	-296.000000	16724.000000
3344.000000	-424.000000	18392.000000
3368.000000	-160.000000	18760.000000
3132.000000	236.000000	18880.000000
2808.000000	504.000000	18092.000000
2704.000000	536.000000	16908.000000
2676.000000	-20.000000	15284.000000
2792.000000	-52.000000	13420.000000
2860.000000	-404.000000	11132.000000
3036.000000	-692.000000	10820.000000
2892.000000	-684.000000	12152.000000
2784.000000	-28.000000	14564.000000
3008.000000	152.000000	15192.000000
3056.000000	264.000000	15624.000000
2572.000000	608.000000	13816.000000
2688.000000	716.000000	12684.000000
2984.000000	288.000000	11152.000000
3636.000000	164.000000	11112.000000
3732.000000	336.000000	12744.000000
3628.000000	460.000000	13336.000000
3940.000000	44.000000	14428.000000
4528.000000	-44.000000	15012.000000
4308.000000	892.000000	16104.000000
4300.000000	912.000000	15888.000000
4148.000000	796.000000	15144.000000
3800.000000	1040.000000	14248.000000
3728.000000	968.000000	13336.000000
3784.000000	144.000000	13136.000000
3740.000000	152.000000	13928.000000
3436.000000	504.000000	12760.000000
3248.000000	276.000000	12644.000000
3328.000000	-76.000000	12480.000000
4060.000000	-136.000000	15988.000000
3852.000000	480.000000	17260.000000
3516.000000	960.000000	15764.000000
3688.000000	652.000000	14536.000000
3792.000000	136.000000	13432.000000
3708.000000	-76.000000	13496.000000
3488.000000	48.000000	12748.000000
3208.000000	328.000000	12240.000000
3144.000000	104.000000	13268.000000
3540.000000	4.000000	14224.000000
3408.000000	176.000000	14060.000000
3616.000000	384.000000	14080.000000
3784.000000	108.000000	14904.000000
3736.000000	-16.000000	14600.000000
3744.000000	380.000000	14004.000000
3768.000000	84.000000	14260.000000
4080.000000	76.000000	15144.000000
3892.000000	136.000000	14448.000000
3632.000000	632.000000	13784.000000
3680.000000	584.000000	15308.000000
3764.000000	312.000000	15516.000000
3580.000000	720.000000	14200.000000
3428.000000	444.000000	13608.000000
3932.000000	160.000000	14144.000000
3752.000000	-40.000000	13448.000000
3456.000000	380.000000	13108.000000
3488.000000	828.000000	13920.000000
3716.000000	560.000000	14812.000000
3768.000000	528.000000	14040.000000
3444.000000	772.000000	13868.000000
3520.000000	560.000000	13896.000000
3460.000000	-20.000000	13324.000000
3628.000000	464.000000	13284.000000
3172.000000	648.000000	14132.000000
3524.000000	640.000000	15116.000000
3692.000000	692.000000	15564.000000
3628.000000	588.000000	15552.000000
3628.000000	480.000000	15260.000000
3496.000000	608.000000	14300.000000
3312.000000	476.000000	13468.000000
3368.000000	-12.000000	12992.000000
3384.000000	-92.000000	13776.000000
3176.000000	556.000000	14392.000000
3256.000000	380.000000	15052.000000
3480.000000	268.000000	14420.000000
3612.000000	308.000000	15580.000000
3628.000000	260.000000	15424.000000
3824.000000	8.000000	15244.000000
3748.000000	-32.000000	14620.000000
3652.000000	172.000000	14176.000000
3528.000000	360.000000	13428.000000
3632.000000	264.000000	13976.000000
3480.000000	240.000000	13416.000000
3260.000000	788.000000	13504.000000
3140.000000	696.000000	13968.000000
3776.000000	312.000000	15824.000000
3536.000000	516.000000	15364.000000
3264.000000	604.000000	14216.000000
3292.000000	620.000000	14204.000000
3704.000000	340.000000	14396.000000
3736.000000	96.000000	13644.000000
3592.000000	40.000000	13048.000000
3636.000000	376.000000	13608.000000
3692.000000	352.000000	13448.000000
3712.000000	452.000000	13900.000000
3596.000000	780.000000	14796.000000
3796.000000	612.000000	14864.000000
3548.000000	712.000000	14328.000000
3480.000000	816.000000	14424.000000
3520.000000	632.000000	14336.000000
3436.000000	624.000000	13784.000000
3472.000000	500.000000	13644.000000
3644.000000	292.000000	13812.000000
3564.000000	496.000000	13416.000000
3504.000000	664.000000	13432.000000
3556.000000	444.000000	14588.000000
3748.000000	404.000000	14908.000000
3612.000000	716.000000	14660.000000
3456.000000	500.000000	15024.000000
3664.000000	372.000000	15392.000000
3532.000000	424.000000	14644.000000
3324.000000	540.000000	13824.000000
3404.000000	216.000000	13992.000000
3540.000000	-108.000000	13988.000000
3452.000000	384.000000	13712.000000
3424.000000	544.000000	13476.000000
3684.000000	364.000000	14976.000000
3636.000000	408.000000	15048.000000
3340.000000	688.000000	14008.000000
3352.000000	484.000000	14008.000000
3676.000000	456.000000	14524.000000
3428.000000	300.000000	13804.000000
3356.000000	568.000000	13668.000000
3592.000000	344.000000	14908.000000
3644.000000	464.000000	14736.000000
3620.000000	576.000000	14184.000000
3656.000000	364.000000	14284.000000
3788.000000	192.000000	14108.000000
3496.000000	396.000000	13844.000000
3492.000000	488.000000	14360.000000
3400.000000	688.000000	14088.000000
3172.000000	508.000000	13680.000000
3384.000000	736.000000	14048.000000
3452.000000	796.000000	14260.000000
3532.000000	592.000000	14328.000000
3896.000000	396.000000	15304.000000
3888.000000	588.000000	15744.000000
3464.000000	932.000000	15320.000000
3292.000000	656.000000	14188.000000
3648.000000	516.000000	13508.000000
3452.000000	236.000000	12824.000000
3372.000000	608.000000	13616.000000
3484.000000	620.000000	14360.000000
3356.000000	556.000000	14388.000000
3532.000000	588.000000	14368.000000
3420.000000	488.000000	14528.000000
4036.000000	96.000000	14820.000000
3824.000000	132.000000	14112.000000
3588.000000	556.000000	13988.000000
3632.000000	424.000000	14152.000000
3464.000000	504.000000	14020.000000
3628.000000	600.000000	14324.000000
3780.000000	384.000000	14004.000000
3500.000000	456.000000	14276.000000
3516.000000	684.000000	14676.000000
3556.000000	692.000000	14968.000000
3480.000000	1008.000000	14472.000000
3332.000000	832.000000	13920.000000
3644.000000	468.000000	14052.000000
3812.000000	596.000000	13768.000000
3592.000000	648.000000	14068.000000
3808.000000	864.000000	15688.000000
3728.000000	652.000000	15124.000000
3456.000000	532.000000	13964.000000
3636.000000	424.000000	13536.000000
3636.000000	384.000000	13676.000000
3460.000000	616.000000	13368.000000
3548.000000	800.000000	13784.000000
3644.000000	744.000000	14572.000000
3720.000000	712.000000	14928.000000
3616.000000	844.000000	14472.000000
3760.000000	760.000000	13716.000000
3904.000000	240.000000	13724.000000
3784.000000	456.000000	13788.000000
3844.000000	552.000000	13936.000000
3932.000000	380.000000	14616.000000
3668.000000	636.000000	14476.000000
3476.000000	744.000000	13828.000000
3576.000000	568.000000	13756.000000
3600.000000	564.000000	14612.000000
3480.000000	748.000000	14344.000000
3448.000000	664.000000	14336.000000
3568.000000	680.000000	14444.000000
3496.000000	540.000000	13692.000000
3496.000000	640.000000	13404.000000
3492.000000	720.000000	13860.000000
3576.000000	812.000000	14752.000000
3268.000000	1224.000000	14800.000000
3424.000000	940.000000	14192.000000
3564.000000	484.000000	14632.000000
3600.000000	788.000000	15128.000000
3376.000000	908.000000	14496.000000
3376.000000	852.000000	13700.000000
3368.000000	464.000000	13588.000000
3700.000000	460.000000	14388.000000
3536.000000	660.000000	14424.000000
3472.000000	952.000000	14520.000000
3592.000000	744.000000	14416.000000
3604.000000	592.000000	13948.000000
3512.000000	744.000000	13616.000000
3644.000000	600.000000	13824.000000
3700.000000	712.000000	14580.000000
3372.000000	868.000000	14552.000000
3676.000000	824.000000	14244.000000
3644.000000	708.000000	13720.000000
3612.000000	364.000000	13044.000000
3704.000000	268.000000	13276.000000
3728.000000	248.000000	13792.000000
3408.000000	732.000000	13944.000000
3460.000000	1008.000000	14792.000000
3376.000000	1116.000000	14056.000000
3336.000000	1048.000000	14248.000000
3264.000000	796.000000	14116.000000
3356.000000	916.000000	13976.000000
3336.000000	800.000000	14152.000000
3400.000000	964.000000	14100.000000
3468.000000	748.000000	13920.000000
3432.000000	616.000000	14024.000000
3404.000000	804.000000	13772.000000
3496.000000	612.000000	14040.000000
3424.000000	684.000000	13996.000000
3580.000000	316.000000	13832.000000
3456.000000	532.000000	14004.000000
3628.000000	820.000000	13836.000000
3848.000000	508.000000	14260.000000
3800.000000	356.000000	14744.000000
3784.000000	360.000000	15208.000000
3680.000000	648.000000	15436.000000
3680.000000	416.000000	15260.000000
3436.000000	408.000000	14724.000000
3184.000000	1052.000000	15392.000000
3252.000000	956.000000	15712.000000
3280.000000	788.000000	15364.000000
3220.000000	840.000000	14688.000000
3552.000000	364.000000	14700.000000
3080.000000	460.000000	14196.000000
2980.000000	840.000000	13796.000000
3040.000000	968.000000	13332.000000
3012.000000	700.000000	13444.000000
3084.000000	896.000000	13404.000000
2968.000000	604.000000	13592.000000
2848.000000	1164.000000	14304.000000
3132.000000	308.000000	14588.000000
3448.000000	356.000000	14468.000000
3636.000000	292.000000	14152.000000
3764.000000	256.000000	14188.000000
3840.000000	252.000000	14068.000000
4032.000000	336.000000	14600.000000
3960.000000	224.000000	14880.000000
3684.000000	624.000000	14580.000000
3536.000000	628.000000	14640.000000
3392.000000	360.000000	14824.000000
3640.000000	288.000000	14432.000000
3700.000000	0.000000	14044.000000
3804.000000	-188.000000	13692.000000
3660.000000	-352.000000	13484.000000
3740.000000	-232.000000	13660.000000
3844.000000	-488.000000	13696.000000
3952.000000	-516.000000	14008.000000
3804.000000	-16.000000	14156.000000
3768.000000	208.000000	14492.000000
3572.000000	428.000000	14184.000000
3636.000000	708.000000	13676.000000
3496.000000	416.000000	12776.000000
3164.000000	816.000000	12772.000000
3140.000000	1424.000000	14764.000000
3508.000000	1504.000000	14572.000000
3312.000000	1916.000000	15364.000000
3016.000000	1680.000000	14780.000000
3548.000000	1452.000000	15476.000000
3684.000000	1072.000000	14392.000000
3540.000000	1428.000000	13856.000000
3388.000000	1720.000000	13400.000000
3652.000000	1536.000000	14244.000000
3352.000000	1820.000000	14196.000000
3500.000000	1636.000000	14572.000000
3492.000000	1312.000000	14280.000000
3436.000000	1524.000000	14072.000000
3404.000000	1264.000000	14104.000000
3732.000000	696.000000	14284.000000
3684.000000	664.000000	13872.000000
3568.000000	748.000000	14516.000000
3860.000000	616.000000	14208.000000
4020.000000	208.000000	14016.000000
3944.000000	44.000000	14252.000000
3696.000000	504.000000	14220.000000
3468.000000	424.000000	13868.000000
3768.000000	128.000000	13760.000000
3652.000000	248.000000	13572.000000
3544.000000	452.000000	13912.000000
3572.000000	856.000000	14856.000000
3576.000000	1132.000000	15224.000000
3696.000000	1100.000000	15112.000000
4024.000000	700.000000	15052.000000
3608.000000	1572.000000	14168.000000
3844.000000	1344.000000	13520.000000
3828.000000	1044.000000	13132.000000
3644.000000	1084.000000	13380.000000
4140.000000	1176.000000	14372.000000
4296.000000	832.000000	13964.000000
3948.000000	668.000000	14480.000000
3860.000000	760.000000	14312.000000
4036.000000	244.000000	13676.000000
4116.000000	176.000000	13448.000000
4196.000000	720.000000	14232.000000
3976.000000	232.000000	14240.000000
3920.000000	852.000000	13712.000000
4048.000000	708.000000	14084.000000
4312.000000	440.000000	13612.000000
4352.000000	268.000000	14120.000000
4264.000000	708.000000	14112.000000
4240.000000	728.000000	13920.000000
4236.000000	808.000000	13440.000000
4256.000000	1060.000000	13212.000000
4480.000000	620.000000	13128.000000
4768.000000	392.000000	13852.000000
4364.000000	804.000000	14700.000000
4120.000000	916.000000	15728.000000
3712.000000	1692.000000	15452.000000
3692.000000	2024.000000	14764.000000
3908.000000	1612.000000	13884.000000
4024.000000	1300.000000	13956.000000
4172.000000	1092.000000	13588.000000
3892.000000	1364.000000	14012.000000
3868.000000	1320.000000	14224.000000
3508.000000	1440.000000	13136.000000
3376.000000	1556.000000	13420.000000
3360.000000	1024.000000	12824.000000
3464.000000	1256.000000	13424.000000
3172.000000	1584.000000	13576.000000
3080.000000	1772.000000	14048.000000
3288.000000	1568.000000	14256.000000
3272.000000	1804.000000	14632.000000
3320.000000	1640.000000	15068.000000
3264.000000	2224.000000	14668.000000
3632.000000	1692.000000	14812.000000
3104.000000	1568.000000	13908.000000
3636.000000	1440.000000	14548.000000
3448.000000	1656.000000	14644.000000
3736.000000	1520.000000	14768.000000
3608.000000	1220.000000	13912.000000
3504.000000	1420.000000	14168.000000
3644.000000	1136.000000	14632.000000
3736.000000	528.000000	14392.000000
3620.000000	844.000000	14240.000000
3340.000000	1564.000000	13700.000000
3564.000000	1124.000000	13412.000000
3312.000000	1016.000000	13188.000000
3444.000000	896.000000	14396.000000
3344.000000	332.000000	15572.000000
3256.000000	496.000000	15512.000000
3256.000000	684.000000	15292.000000
3196.000000	492.000000	14812.000000
3796.000000	280.000000	14932.000000
3464.000000	404.000000	14972.000000
3424.000000	844.000000	15232.000000
3372.000000	972.000000	14608.000000
3296.000000	780.000000	13756.000000
3248.000000	1148.000000	13864.000000
3408.000000	1100.000000	14212.000000
3412.000000	1028.000000	14860.000000
3448.000000	1380.000000	15160.000000
3416.000000	1424.000000	14948.000000
3800.000000	1340.000000	14632.000000
3816.000000	976.000000	14224.000000
3648.000000	1004.000000	13924.000000
3312.000000	1632.000000	13480.000000
3184.000000	1844.000000	12992.000000
3364.000000	1812.000000	12892.000000
3480.000000	1712.000000	13396.000000
3776.000000	1828.000000	13980.000000
3564.000000	1912.000000	14392.000000
3616.000000	2228.000000	14844.000000
3512.000000	2240.000000	14440.000000
3620.000000	1600.000000	13860.000000
3544.000000	1704.000000	12944.000000
3540.000000	1732.000000	13096.000000
3644.000000	1764.000000	14044.000000
3560.000000	1652.000000	14380.000000
3576.000000	1672.000000	13908.000000
3532.000000	1552.000000	13880.000000
3596.000000	1140.000000	13900.000000
3708.000000	1192.000000	13964.000000
3756.000000	1008.000000	14568.000000
3816.000000	924.000000	14752.000000
3520.000000	1404.000000	14032.000000
3288.000000	1780.000000	13536.000000
3224.000000	1904.000000	13272.000000
3312.000000	1808.000000	13436.000000
3248.000000	1600.000000	13860.000000
3068.000000	1736.000000	14524.000000
2696.000000	2264.000000	15484.000000
2912.000000	1948.000000	16236.000000
2876.000000	1876.000000	15696.000000
2744.000000	1972.000000	14368.000000
3028.000000	1740.000000	14120.000000
3132.000000	1540.000000	13544.000000
3124.000000	1532.000000	13380.000000
3068.000000	1700.000000	14012.000000
2960.000000	1676.000000	14540.000000
2900.000000	1656.000000	14852.000000
2780.000000	1896.000000	14828.000000
2764.000000	2100.000000	14656.000000
2856.000000	2012.000000	14596.000000
2900.000000	2144.000000	14248.000000
3028.000000	1936.000000	14092.000000
3224.000000	1556.000000	14084.000000
3176.000000	1464.000000	14244.000000
2936.000000	1588.000000	14448.000000
2956.000000	1756.000000	14344.000000
2720.000000	1724.000000	14164.000000
3116.000000	1644.000000	14700.000000
3224.000000	1632.000000	14912.000000
3192.000000	2244.000000	15000.000000
3124.000000	1796.000000	14308.000000
3160.000000	2064.000000	13648.000000
3200.000000	1940.000000	13220.000000
3236.000000	2076.000000	12944.000000
2956.000000	1576.000000	13300.000000
3148.000000	1748.000000	14488.000000
3252.000000	1620.000000	14636.000000
3108.000000	1596.000000	14596.000000
3200.000000	1484.000000	14172.000000
3144.000000	1556.000000	14048.000000
3124.000000	1664.000000	13916.000000
2904.000000	1516.000000	14468.000000
3024.000000	1312.000000	14496.000000
3020.000000	1344.000000	13992.000000
3048.000000	1476.000000	13868.000000
2936.000000	1616.000000	14492.000000
2848.000000	1736.000000	14880.000000
2804.000000	1920.000000	14776.000000
2876.000000	1824.000000	14380.000000
2908.000000	1904.000000	13956.000000
3036.000000	1528.000000	13812.000000
3084.000000	1560.000000	13560.000000
