6344.000000	868.000000	13880.000000
6436.000000	1452.000000	14064.000000
6460.000000	1888.000000	14196.000000
6364.000000	2520.000000	14540.000000
6540.000000	1724.000000	14336.000000
6500.000000	852.000000	13372.000000
6652.000000	720.000000	13624.000000
6720.000000	792.000000	13388.000000
6472.000000	944.000000	13276.000000
7072.000000	1052.000000	14000.000000
6968.000000	772.000000	14208.000000
7088.000000	920.000000	14356.000000
7164.000000	604.000000	14344.000000
7216.000000	428.000000	14676.000000
7204.000000	344.000000	14728.000000
7136.000000	-84.000000	14572.000000
7096.000000	-4.000000	14108.000000
6716.000000	120.000000	13592.000000
6828.000000	152.000000	13548.000000
6836.000000	-256.000000	13704.000000
6996.000000	-1008.000000	14212.000000
7200.000000	-656.000000	14188.000000
7040.000000	-56.000000	14496.000000
7236.000000	-240.000000	14760.000000
7096.000000	-284.000000	14872.000000
6904.000000	0.000000	14864.000000
6724.000000	68.000000	14584.000000
6664.000000	-60.000000	14540.000000
6356.000000	480.000000	13980.000000
6172.000000	664.000000	13892.000000
6056.000000	584.000000	14108.000000
6204.000000	648.000000	13888.000000
5924.000000	272.000000	14060.000000
5976.000000	696.000000	14268.000000
6344.000000	508.000000	15216.000000
6052.000000	1308.000000	14748.000000
6112.000000	412.000000	14788.000000
6216.000000	700.000000	14912.000000
5944.000000	-140.000000	14652.000000
6080.000000	148.000000	14660.000000
6364.000000	336.000000	14752.000000
6432.000000	396.000000	15048.000000
6676.000000	372.000000	15616.000000
6804.000000	-24.000000	15732.000000
6656.000000	8.000000	15408.000000
6660.000000	176.000000	15268.000000
6604.000000	360.000000	15084.000000
6296.000000	216.000000	14324.000000
6288.000000	220.000000	14492.000000
6224.000000	244.000000	14224.000000
6276.000000	144.000000	13932.000000
6252.000000	284.000000	13664.000000
6284.000000	452.000000	13732.000000
6428.000000	388.000000	13996.000000
6452.000000	264.000000	14064.000000
6672.000000	356.000000	14496.000000
6600.000000	40.000000	14320.000000
6684.000000	160.000000	14608.000000
6732.000000	-120.000000	14504.000000
6764.000000	-116.000000	14628.000000
6640.000000	112.000000	14472.000000
6560.000000	368.000000	14428.000000
6472.000000	512.000000	14168.000000
6444.000000	264.000000	14516.000000
6552.000000	300.000000	14432.000000
6596.000000	128.000000	14228.000000
6904.000000	116.000000	14720.000000
6880.000000	596.000000	14508.000000
6984.000000	232.000000	14912.000000
6948.000000	280.000000	14644.000000
6824.000000	356.000000	14456.000000
6628.000000	548.000000	13936.000000
6476.000000	536.000000	13428.000000
6620.000000	844.000000	13784.000000
6604.000000	556.000000	14044.000000
6804.000000	312.000000	14392.000000
6968.000000	580.000000	14444.000000
6920.000000	656.000000	14600.000000
6916.000000	696.000000	14240.000000
6828.000000	636.000000	14176.000000
6760.000000	596.000000	13816.000000
6664.000000	384.000000	13688.000000
6512.000000	632.000000	13448.000000
6796.000000	696.000000	13656.000000
6608.000000	596.000000	13720.000000
6748.000000	580.000000	13768.000000
6756.000000	624.000000	13956.000000
7000.000000	608.000000	14164.000000
6976.000000	792.000000	14408.000000
7200.000000	552.000000	14676.000000
7224.000000	724.000000	14904.000000
7344.000000	724.000000	15308.000000
7208.000000	476.000000	15196.000000
7148.000000	280.000000	14628.000000
6632.000000	476.000000	13964.000000
6424.000000	648.000000	13640.000000
6376.000000	648.000000	13728.000000
6580.000000	668.000000	13996.000000
6572.000000	596.000000	14368.000000
6812.000000	472.000000	14748.000000
6960.000000	564.000000	15524.000000
6888.000000	544.000000	15180.000000
6672.000000	656.000000	14460.000000
6348.000000	516.000000	13872.000000
6380.000000	368.000000	13684.000000
6220.000000	484.000000	13356.000000
6080.000000	764.000000	13544.000000
6560.000000	708.000000	14368.000000
6764.000000	860.000000	14776.000000
6552.000000	688.000000	14168.000000
6748.000000	1232.000000	14372.000000
6900.000000	924.000000	14816.000000
6820.000000	600.000000	14536.000000
6828.000000	664.000000	14596.000000
6608.000000	644.000000	14000.000000
6612.000000	496.000000	13672.000000
6428.000000	508.000000	13940.000000
6460.000000	444.000000	13872.000000
6532.000000	448.000000	13748.000000
6288.000000	300.000000	13632.000000
6424.000000	804.000000	13736.000000
6336.000000	1156.000000	13784.000000
6468.000000	484.000000	13680.000000
6424.000000	388.000000	13808.000000
6256.000000	476.000000	13768.000000
6276.000000	-100.000000	13244.000000
6428.000000	512.000000	13996.000000
6208.000000	1192.000000	13760.000000
6192.000000	232.000000	13812.000000
6200.000000	588.000000	14432.000000
6504.000000	488.000000	14384.000000
6048.000000	392.000000	14536.000000
6084.000000	344.000000	14480.000000
4712.000000	-2968.000000	13036.000000
5468.000000	72.000000	14800.000000
6268.000000	700.000000	14760.000000
6048.000000	-20.000000	15468.000000
6436.000000	128.000000	15972.000000
6348.000000	332.000000	16164.000000
6192.000000	896.000000	15820.000000
6192.000000	292.000000	15736.000000
5940.000000	44.000000	14804.000000
5884.000000	84.000000	14612.000000
5724.000000	-8.000000	14352.000000
5712.000000	-80.000000	14596.000000
5784.000000	-120.000000	14952.000000
5756.000000	48.000000	15704.000000
5964.000000	12.000000	15616.000000
5888.000000	284.000000	15448.000000
5684.000000	-80.000000	14568.000000
5512.000000	-228.000000	13976.000000
5712.000000	-284.000000	14216.000000
5768.000000	-320.000000	14996.000000
5732.000000	-468.000000	14968.000000
5944.000000	-88.000000	15032.000000
5680.000000	228.000000	14788.000000
5740.000000	844.000000	14684.000000
5892.000000	584.000000	15048.000000
5904.000000	88.000000	15360.000000
6184.000000	-56.000000	15280.000000
6252.000000	-512.000000	14864.000000
6216.000000	-484.000000	15044.000000
6056.000000	-416.000000	15392.000000
6324.000000	-832.000000	16120.000000
6188.000000	-768.000000	16104.000000
5936.000000	-348.000000	14908.000000
5908.000000	-136.000000	15004.000000
5936.000000	-504.000000	14292.000000
5944.000000	-496.000000	14212.000000
5804.000000	-496.000000	14336.000000
5552.000000	-360.000000	14056.000000
5676.000000	-220.000000	13716.000000
5572.000000	312.000000	13476.000000
5492.000000	260.000000	14184.000000
5348.000000	-244.000000	14792.000000
5192.000000	836.000000	15084.000000
5456.000000	592.000000	14684.000000
5660.000000	2632.000000	17152.000000
5764.000000	-232.000000	14580.000000
5736.000000	-1132.000000	14568.000000
6144.000000	744.000000	16444.000000
5884.000000	800.000000	16240.000000
4708.000000	-228.000000	13524.000000
4876.000000	-4.000000	14024.000000
5268.000000	352.000000	13196.000000
4876.000000	-1284.000000	12560.000000
5348.000000	196.000000	13896.000000
5784.000000	-136.000000	15884.000000
5648.000000	-164.000000	15176.000000
6188.000000	-72.000000	15780.000000
5084.000000	-852.000000	15552.000000
5516.000000	-372.000000	13340.000000
4920.000000	-92.000000	14196.000000
5252.000000	360.000000	13996.000000
4972.000000	84.000000	13540.000000
5228.000000	-292.000000	14220.000000
6920.000000	-144.000000	14836.000000
5060.000000	-384.000000	13492.000000
5160.000000	352.000000	14412.000000
5532.000000	460.000000	15440.000000
5428.000000	180.000000	14716.000000
5128.000000	368.000000	14224.000000
4984.000000	496.000000	14008.000000
5016.000000	140.000000	13848.000000
5160.000000	-180.000000	14192.000000
5200.000000	-356.000000	14752.000000
5244.000000	124.000000	15308.000000
5200.000000	-60.000000	15412.000000
5164.000000	-416.000000	14928.000000
5088.000000	-244.000000	14992.000000
5012.000000	-172.000000	14932.000000
5088.000000	480.000000	15548.000000
4748.000000	-1128.000000	13960.000000
4756.000000	-852.000000	14088.000000
4796.000000	-1128.000000	14212.000000
5224.000000	-740.000000	15736.000000
5612.000000	-592.000000	16452.000000
5616.000000	-1404.000000	16136.000000
5720.000000	-584.000000	16840.000000
5680.000000	-480.000000	16524.000000
6356.000000	-160.000000	15920.000000
5180.000000	-472.000000	15284.000000
5212.000000	-344.000000	15220.000000
5132.000000	-36.000000	15036.000000
5184.000000	-696.000000	15124.000000
5184.000000	-632.000000	15044.000000
4928.000000	-196.000000	15000.000000
4988.000000	-304.000000	14964.000000
6652.000000	-288.000000	14724.000000
4220.000000	-232.000000	12540.000000
4460.000000	360.000000	13696.000000
4684.000000	-40.000000	14652.000000
4700.000000	-360.000000	14416.000000
4832.000000	-524.000000	14656.000000
4600.000000	-284.000000	14384.000000
4620.000000	-1080.000000	14176.000000
4900.000000	-668.000000	15144.000000
4992.000000	-424.000000	15724.000000
5080.000000	-576.000000	15688.000000
5200.000000	-756.000000	16084.000000
5036.000000	-460.000000	15820.000000
4968.000000	-356.000000	15460.000000
4780.000000	-340.000000	14788.000000
4840.000000	28.000000	14548.000000
4880.000000	72.000000	14464.000000
4864.000000	308.000000	14744.000000
4752.000000	200.000000	15056.000000
4860.000000	44.000000	15120.000000
4904.000000	-40.000000	15224.000000
4864.000000	-280.000000	15032.000000
4864.000000	-452.000000	15032.000000
4728.000000	-352.000000	14552.000000
4572.000000	-72.000000	14584.000000
4816.000000	-164.000000	14448.000000
4772.000000	-208.000000	14312.000000
4780.000000	48.000000	14864.000000
5148.000000	-248.000000	15308.000000
5152.000000	-272.000000	15332.000000
5124.000000	-120.000000	15128.000000
5208.000000	-8.000000	15080.000000
5160.000000	-196.000000	15076.000000
5008.000000	68.000000	15296.000000
5188.000000	-364.000000	14816.000000
5396.000000	-516.000000	15800.000000
5256.000000	-372.000000	15772.000000
4820.000000	-388.000000	14784.000000
4964.000000	-328.000000	14484.000000
5124.000000	104.000000	14892.000000
5324.000000	-248.000000	14920.000000
5020.000000	-600.000000	14488.000000
5160.000000	-356.000000	15012.000000
5504.000000	-620.000000	14900.000000
5224.000000	-808.000000	14884.000000
5188.000000	-876.000000	14480.000000
5184.000000	-684.000000	14728.000000
5280.000000	-704.000000	15300.000000
5412.000000	556.000000	14352.000000
4888.000000	864.000000	13296.000000
5040.000000	548.000000	13480.000000
5224.000000	640.000000	14032.000000
5328.000000	396.000000	14464.000000
5496.000000	-24.000000	14960.000000
5436.000000	192.000000	14548.000000
5192.000000	228.000000	14548.000000
5132.000000	192.000000	14872.000000
5004.000000	-168.000000	14600.000000
4984.000000	-304.000000	14768.000000
4720.000000	-260.000000	14544.000000
4892.000000	-980.000000	14800.000000
4876.000000	-560.000000	14856.000000
5156.000000	80.000000	15420.000000
5092.000000	-96.000000	15108.000000
4976.000000	-396.000000	14724.000000
5264.000000	-580.000000	15028.000000
4992.000000	-588.000000	15264.000000
5216.000000	-340.000000	15440.000000
5136.000000	-480.000000	15308.000000
4992.000000	-388.000000	15032.000000
5088.000000	-192.000000	15520.000000
4980.000000	184.000000	15284.000000
4964.000000	264.000000	14748.000000
4764.000000	152.000000	14500.000000
4840.000000	-188.000000	14936.000000
5084.000000	-708.000000	15296.000000
5136.000000	-248.000000	15668.000000
4988.000000	-244.000000	15080.000000
5008.000000	-368.000000	15068.000000
5108.000000	-284.000000	15204.000000
5056.000000	-576.000000	14880.000000
5024.000000	-352.000000	14712.000000
5116.000000	-404.000000	15304.000000
4864.000000	392.000000	14264.000000
4776.000000	-200.000000	14088.000000
4916.000000	-400.000000	14496.000000
5008.000000	-280.000000	14724.000000
4964.000000	-328.000000	15096.000000
4832.000000	-396.000000	14776.000000
4820.000000	-292.000000	14568.000000
4844.000000	-512.000000	14840.000000
4884.000000	-504.000000	15212.000000
4964.000000	-600.000000	15480.000000
5300.000000	-760.000000	15668.000000
5180.000000	-652.000000	15752.000000
5108.000000	-400.000000	15188.000000
5068.000000	-4.000000	14980.000000
4828.000000	-220.000000	14596.000000
4608.000000	92.000000	14428.000000
4848.000000	-28.000000	15244.000000
4940.000000	-112.000000	15500.000000
4780.000000	460.000000	14980.000000
4860.000000	1228.000000	14836.000000
5000.000000	952.000000	15888.000000
5468.000000	-624.000000	15444.000000
5092.000000	-716.000000	15100.000000
5552.000000	-700.000000	16312.000000
5396.000000	-1476.000000	15788.000000
4948.000000	-1328.000000	14216.000000
4864.000000	-808.000000	14256.000000
4656.000000	-240.000000	14428.000000
4860.000000	1140.000000	14952.000000
4832.000000	-1156.000000	14636.000000
4956.000000	-372.000000	15448.000000
4868.000000	8.000000	15132.000000
5028.000000	148.000000	14924.000000
5096.000000	356.000000	15120.000000
5012.000000	748.000000	15148.000000
5088.000000	356.000000	15200.000000
4816.000000	-384.000000	14560.000000
4864.000000	-528.000000	14280.000000
4624.000000	-724.000000	14752.000000
5332.000000	-948.000000	15176.000000
5108.000000	-1052.000000	14756.000000
5296.000000	-860.000000	15072.000000
5452.000000	-980.000000	15352.000000
5328.000000	-304.000000	15400.000000
5164.000000	132.000000	14872.000000
5084.000000	-320.000000	14424.000000
5088.000000	-140.000000	15028.000000
5124.000000	-348.000000	14792.000000
4928.000000	-536.000000	14636.000000
4880.000000	-76.000000	14608.000000
4852.000000	24.000000	14592.000000
4972.000000	-376.000000	14976.000000
5152.000000	-264.000000	15424.000000
5060.000000	-244.000000	15280.000000
5084.000000	-400.000000	14972.000000
4996.000000	-252.000000	15056.000000
5196.000000	-144.000000	15096.000000
5156.000000	-224.000000	15144.000000
5352.000000	-364.000000	15516.000000
5200.000000	-320.000000	15536.000000
4996.000000	-160.000000	14836.000000
4932.000000	-144.000000	14628.000000
4808.000000	220.000000	14500.000000
4928.000000	-212.000000	14812.000000
4972.000000	-348.000000	15148.000000
5016.000000	-436.000000	14972.000000
4952.000000	-376.000000	14952.000000
5100.000000	-340.000000	15104.000000
5072.000000	-488.000000	15212.000000
5224.000000	-680.000000	15132.000000
5288.000000	-468.000000	15092.000000
5300.000000	-612.000000	15136.000000
5200.000000	-356.000000	14796.000000
5228.000000	-60.000000	15068.000000
5164.000000	-748.000000	15576.000000
5332.000000	-344.000000	15472.000000
4864.000000	-288.000000	14516.000000
4872.000000	-316.000000	14608.000000
4660.000000	248.000000	14748.000000
4744.000000	-352.000000	14580.000000
4680.000000	144.000000	14712.000000
4844.000000	64.000000	14488.000000
4904.000000	-244.000000	14876.000000
5132.000000	-308.000000	15248.000000
5084.000000	-264.000000	15084.000000
5116.000000	-92.000000	15304.000000
5176.000000	-512.000000	15468.000000
5128.000000	-540.000000	15148.000000
5028.000000	-48.000000	15180.000000
5008.000000	-48.000000	14760.000000
5032.000000	200.000000	14936.000000
5088.000000	-124.000000	15064.000000
5084.000000	-68.000000	15076.000000
5160.000000	-48.000000	15124.000000
5068.000000	-44.000000	14696.000000
4936.000000	-852.000000	14580.000000
5144.000000	-148.000000	14952.000000
5532.000000	256.000000	15376.000000
4792.000000	-176.000000	14528.000000
4984.000000	-212.000000	14500.000000
4764.000000	-152.000000	14176.000000
4908.000000	-12.000000	14608.000000
5024.000000	-132.000000	14916.000000
4948.000000	-12.000000	14924.000000
4996.000000	576.000000	14964.000000
5040.000000	-44.000000	15452.000000
5196.000000	-176.000000	15204.000000
5180.000000	-392.000000	15712.000000
5624.000000	-304.000000	15400.000000
5008.000000	-912.000000	14564.000000
4984.000000	-500.000000	14704.000000
4968.000000	-588.000000	14704.000000
4912.000000	-268.000000	14276.000000
5060.000000	-164.000000	14788.000000
5416.000000	-164.000000	15160.000000
5260.000000	-136.000000	15400.000000
5232.000000	-372.000000	15100.000000
5024.000000	-204.000000	14648.000000
5016.000000	0.000000	14504.000000
4968.000000	180.000000	14044.000000
5052.000000	-348.000000	14112.000000
5312.000000	-108.000000	14744.000000
5500.000000	188.000000	15640.000000
5612.000000	-196.000000	15736.000000
5488.000000	0.000000	15220.000000
5352.000000	-132.000000	14924.000000
5400.000000	-64.000000	15112.000000
5052.000000	-240.000000	14808.000000
5064.000000	-88.000000	14564.000000
5168.000000	-264.000000	14708.000000
5124.000000	-968.000000	14920.000000
5088.000000	-372.000000	14736.000000
5052.000000	-152.000000	14716.000000
4972.000000	-456.000000	14824.000000
4988.000000	-76.000000	14332.000000
4964.000000	-236.000000	14684.000000
5176.000000	-656.000000	15036.000000
5260.000000	-340.000000	15292.000000
5180.000000	-164.000000	15376.000000
5224.000000	-736.000000	15424.000000
5344.000000	-448.000000	15288.000000
5332.000000	-244.000000	15040.000000
5356.000000	-316.000000	15068.000000
5344.000000	-248.000000	15120.000000
5048.000000	-208.000000	14928.000000
5164.000000	-272.000000	14748.000000
5164.000000	-372.000000	14584.000000
5060.000000	-316.000000	14412.000000
4948.000000	-200.000000	14552.000000
5348.000000	-396.000000	15272.000000
5504.000000	-476.000000	15108.000000
5700.000000	88.000000	15592.000000
5604.000000	-216.000000	15976.000000
5284.000000	-160.000000	14928.000000
5148.000000	124.000000	14404.000000
5132.000000	36.000000	14340.000000
5160.000000	-132.000000	14060.000000
5008.000000	0.000000	14440.000000
5320.000000	-96.000000	14996.000000
5296.000000	-416.000000	15564.000000
5304.000000	-388.000000	15548.000000
5224.000000	-240.000000	15116.000000
5180.000000	-220.000000	15232.000000
5104.000000	-320.000000	15016.000000
5064.000000	-368.000000	14720.000000
5092.000000	-268.000000	14488.000000
5048.000000	-228.000000	14048.000000
4996.000000	24.000000	14692.000000
5012.000000	-284.000000	15072.000000
5540.000000	-508.000000	15152.000000
5280.000000	-184.000000	15236.000000
5248.000000	-408.000000	15348.000000
5084.000000	-268.000000	15256.000000
5148.000000	-72.000000	14972.000000
5012.000000	4.000000	14904.000000
5120.000000	92.000000	15204.000000
4984.000000	-164.000000	15104.000000
5100.000000	-496.000000	14564.000000
5148.000000	-404.000000	14940.000000
5080.000000	-296.000000	14884.000000
5080.000000	-408.000000	14720.000000
5112.000000	20.000000	14636.000000
5400.000000	108.000000	14864.000000
5244.000000	140.000000	14800.000000
5616.000000	-204.000000	15020.000000
5408.000000	-204.000000	15384.000000
5460.000000	-252.000000	15380.000000
5468.000000	-284.000000	15304.000000
5428.000000	-384.000000	14736.000000
5248.000000	-4.000000	14608.000000
5196.000000	-240.000000	15012.000000
5092.000000	-264.000000	14020.000000
5056.000000	-36.000000	14040.000000
5088.000000	-124.000000	14148.000000
5184.000000	-208.000000	14988.000000
5428.000000	-340.000000	15604.000000
5588.000000	36.000000	15516.000000
5320.000000	448.000000	15064.000000
5216.000000	176.000000	14528.000000
5196.000000	-84.000000	14760.000000
5048.000000	-456.000000	14932.000000
5152.000000	-548.000000	14708.000000
5072.000000	-324.000000	14624.000000
5104.000000	-224.000000	14788.000000
5260.000000	-124.000000	15044.000000
5244.000000	-160.000000	15308.000000
5152.000000	200.000000	15008.000000
5420.000000	-20.000000	14924.000000
5244.000000	108.000000	14700.000000
5216.000000	-144.000000	14732.000000
5124.000000	-360.000000	14736.000000
5244.000000	-352.000000	14592.000000
5260.000000	-576.000000	14372.000000
5380.000000	-684.000000	14560.000000
5364.000000	64.000000	15060.000000
5160.000000	-84.000000	14908.000000
5016.000000	-608.000000	14520.000000
5296.000000	500.000000	15636.000000
5124.000000	-96.000000	15180.000000
4976.000000	76.000000	14444.000000
4944.000000	124.000000	14348.000000
4996.000000	-84.000000	14376.000000
4984.000000	-192.000000	14644.000000
5004.000000	144.000000	14944.000000
5060.000000	76.000000	15272.000000
5232.000000	-340.000000	15480.000000
5092.000000	-296.000000	15652.000000
4976.000000	-164.000000	15384.000000
4960.000000	-148.000000	15320.000000
5008.000000	-156.000000	15180.000000
4904.000000	-260.000000	14968.000000
5028.000000	-212.000000	15176.000000
5004.000000	-284.000000	15564.000000
5088.000000	-120.000000	15700.000000
5072.000000	-60.000000	15688.000000
5116.000000	44.000000	16000.000000
5120.000000	-336.000000	15680.000000
4948.000000	-324.000000	15460.000000
5052.000000	-484.000000	15264.000000
5092.000000	-556.000000	15408.000000
4732.000000	-1348.000000	15748.000000
5060.000000	-632.000000	14940.000000
4864.000000	244.000000	15404.000000
4940.000000	284.000000	14900.000000
4584.000000	-160.000000	14956.000000
4936.000000	616.000000	15524.000000
4748.000000	408.000000	14508.000000
3900.000000	1020.000000	13612.000000
3816.000000	1576.000000	12960.000000
2764.000000	2144.000000	11936.000000
1804.000000	1028.000000	11648.000000
-1848.000000	-2256.000000	4516.000000
-1328.000000	536.000000	4660.000000
-396.000000	2656.000000	-88.000000
-488.000000	4008.000000	-6376.000000
-944.000000	1636.000000	-8136.000000
192.000000	-3440.000000	-7968.000000
-360.000000	1140.000000	-4052.000000
8804.000000	4048.000000	-1712.000000
9540.000000	-2760.000000	1856.000000
8328.000000	-7832.000000	15284.000000
-108.000000	-10336.000000	29256.000000
1600.000000	-13220.000000	32767.000000
-1148.000000	-14404.000000	32767.000000
1568.000000	-15400.000000	32767.000000
-108.000000	-10892.000000	32424.000000
-1812.000000	-10848.000000	31268.000000
-2084.000000	-12276.000000	31444.000000
-1784.000000	-12440.000000	28704.000000
-2068.000000	-7776.000000	25164.000000
-1900.000000	-5180.000000	21388.000000
-2180.000000	-4152.000000	19124.000000
-2836.000000	-4348.000000	16996.000000
-2848.000000	-4216.000000	13488.000000
-2464.000000	-512.000000	11004.000000
-1924.000000	-716.000000	10168.000000
-2268.000000	-1580.000000	8140.000000
-24.000000	-3700.000000	5092.000000
-680.000000	-3996.000000	4948.000000
-68.000000	-4968.000000	3940.000000
-1032.000000	-6276.000000	9588.000000
-916.000000	-6884.000000	14736.000000
-780.000000	-8008.000000	23040.000000
-1444.000000	-7784.000000	29564.000000
-712.000000	-12776.000000	32767.000000
2248.000000	-9748.000000	32767.000000
2168.000000	-12956.000000	31984.000000
1576.000000	-11436.000000	29112.000000
8532.000000	-9420.000000	20776.000000
4044.000000	-8344.000000	24656.000000
5132.000000	-9992.000000	24372.000000
6724.000000	-9212.000000	23204.000000
6164.000000	-9100.000000	21396.000000
6008.000000	-12232.000000	19268.000000
5852.000000	-5304.000000	13272.000000
4912.000000	-9444.000000	17840.000000
3056.000000	-3256.000000	11196.000000
912.000000	828.000000	5544.000000
392.000000	-1384.000000	1100.000000
-296.000000	-1364.000000	1228.000000
-608.000000	-736.000000	2716.000000
-336.000000	3056.000000	5648.000000
-200.000000	3556.000000	6784.000000
1964.000000	1932.000000	9172.000000
2660.000000	768.000000	10128.000000
2904.000000	1444.000000	9400.000000
3288.000000	1160.000000	9200.000000
4148.000000	1280.000000	10584.000000
4508.000000	1108.000000	11812.000000
5172.000000	1476.000000	12244.000000
4804.000000	-1824.000000	10588.000000
6360.000000	-836.000000	13620.000000
6712.000000	2692.000000	15148.000000
5812.000000	3176.000000	14008.000000
5964.000000	1760.000000	14052.000000
5572.000000	-360.000000	12972.000000
5664.000000	644.000000	12376.000000
5056.000000	376.000000	12560.000000
6556.000000	1932.000000	15256.000000
7024.000000	3328.000000	17512.000000
7484.000000	1556.000000	15748.000000
7548.000000	-456.000000	15048.000000
7792.000000	284.000000	17264.000000
7976.000000	396.000000	17236.000000
7404.000000	-672.000000	15904.000000
6764.000000	-880.000000	14700.000000
6448.000000	-392.000000	14752.000000
6156.000000	-28.000000	14636.000000
6076.000000	76.000000	14104.000000
6172.000000	296.000000	14256.000000
6196.000000	704.000000	14500.000000
6032.000000	732.000000	13948.000000
6000.000000	1000.000000	13876.000000
6256.000000	316.000000	13908.000000
6320.000000	1064.000000	14084.000000
6072.000000	-36.000000	13504.000000
5756.000000	-492.000000	13260.000000
5680.000000	120.000000	13032.000000
5764.000000	616.000000	13088.000000
5952.000000	908.000000	13384.000000
6132.000000	660.000000	14024.000000
6860.000000	1416.000000	15604.000000
6812.000000	876.000000	15180.000000
6704.000000	804.000000	14148.000000
6656.000000	1284.000000	14188.000000
7520.000000	1472.000000	15056.000000
7328.000000	580.000000	15192.000000
5764.000000	-2000.000000	14232.000000
7752.000000	-92.000000	16692.000000
6784.000000	732.000000	15044.000000
6292.000000	-12.000000	14016.000000
6116.000000	1156.000000	14240.000000
6220.000000	620.000000	13796.000000
6180.000000	336.000000	13808.000000
6160.000000	336.000000	14360.000000
6204.000000	768.000000	14224.000000
5900.000000	912.000000	14064.000000
5924.000000	952.000000	14120.000000
6316.000000	400.000000	14768.000000
6400.000000	208.000000	15336.000000
6752.000000	628.000000	15976.000000
6764.000000	952.000000	15476.000000
6648.000000	1320.000000	15268.000000
6676.000000	696.000000	15300.000000
6668.000000	264.000000	15352.000000
6480.000000	1000.000000	14688.000000
6516.000000	380.000000	14596.000000
6112.000000	44.000000	14048.000000
6072.000000	528.000000	14116.000000
5824.000000	612.000000	13980.000000
5972.000000	760.000000	13796.000000
6132.000000	824.000000	14468.000000
6452.000000	856.000000	14640.000000
6508.000000	1012.000000	14480.000000
6416.000000	1292.000000	14124.000000
6292.000000	948.000000	13568.000000
6024.000000	1164.000000	13464.000000
6060.000000	1184.000000	13704.000000
6844.000000	1080.000000	14148.000000
7124.000000	1188.000000	14872.000000
6888.000000	1204.000000	14680.000000
7020.000000	1184.000000	15480.000000
6632.000000	964.000000	14536.000000
6112.000000	892.000000	14156.000000
6288.000000	380.000000	13624.000000
6356.000000	648.000000	13556.000000
6468.000000	628.000000	13864.000000
6616.000000	420.000000	13976.000000
6772.000000	400.000000	14172.000000
6536.000000	972.000000	13664.000000
6528.000000	600.000000	13672.000000
6772.000000	540.000000	13956.000000
6832.000000	668.000000	13952.000000
6712.000000	732.000000	13852.000000
6704.000000	1000.000000	14464.000000
6648.000000	740.000000	14488.000000
6960.000000	440.000000	15472.000000
6512.000000	988.000000	14424.000000
6520.000000	1148.000000	14336.000000
6588.000000	1188.000000	14872.000000
6536.000000	760.000000	15088.000000
6532.000000	976.000000	15176.000000
6268.000000	1176.000000	14444.000000
6184.000000	1016.000000	14304.000000
6248.000000	876.000000	14480.000000
6064.000000	540.000000	14280.000000
6080.000000	496.000000	14504.000000
6376.000000	552.000000	14576.000000
6268.000000	444.000000	14520.000000
6200.000000	696.000000	14260.000000
6388.000000	632.000000	14564.000000
6616.000000	652.000000	14696.000000
6592.000000	776.000000	14856.000000
6736.000000	732.000000	15040.000000
6756.000000	868.000000	14604.000000
6452.000000	1020.000000	13948.000000
6696.000000	968.000000	14204.000000
6900.000000	648.000000	14772.000000
7012.000000	752.000000	14716.000000
7160.000000	900.000000	14692.000000
7200.000000	640.000000	15048.000000
7176.000000	756.000000	15044.000000
6668.000000	616.000000	14052.000000
6596.000000	840.000000	13848.000000
6304.000000	640.000000	13640.000000
6240.000000	616.000000	13640.000000
6116.000000	716.000000	13604.000000
6264.000000	940.000000	13864.000000
6344.000000	656.000000	14296.000000
6492.000000	508.000000	14824.000000
6524.000000	652.000000	14528.000000
6840.000000	624.000000	15236.000000
6832.000000	556.000000	15260.000000
6864.000000	660.000000	14976.000000
6592.000000	496.000000	14528.000000
5908.000000	344.000000	13844.000000
5700.000000	316.000000	13620.000000
5668.000000	1180.000000	13340.000000
3364.000000	-1868.000000	10600.000000
5932.000000	1984.000000	14132.000000
5160.000000	2092.000000	14268.000000
5880.000000	1464.000000	14544.000000
5432.000000	1824.000000	15260.000000
5344.000000	1396.000000	14256.000000
6024.000000	244.000000	14788.000000
6376.000000	1620.000000	15032.000000
5600.000000	944.000000	13380.000000
5380.000000	1684.000000	14096.000000
5956.000000	3140.000000	14600.000000
5176.000000	1564.000000	12660.000000
4548.000000	2396.000000	12520.000000
4876.000000	1648.000000	12324.000000
3868.000000	1416.000000	12236.000000
2936.000000	1980.000000	11532.000000
940.000000	3320.000000	10852.000000
1720.000000	-1076.000000	3780.000000
744.000000	1400.000000	-4848.000000
-3252.000000	4720.000000	-3048.000000
-620.000000	1216.000000	-10088.000000
328.000000	232.000000	-6928.000000
4144.000000	-1076.000000	-5784.000000
3308.000000	-6888.000000	964.000000
5272.000000	-4200.000000	9680.000000
2744.000000	-8620.000000	19876.000000
-2372.000000	-8344.000000	24140.000000
-1784.000000	-14068.000000	23492.000000
-28780.000000	-32768.000000	26976.000000
-5712.000000	-17652.000000	32767.000000
-15104.000000	-26044.000000	32767.000000
-17908.000000	-24632.000000	32767.000000
-2732.000000	-32768.000000	32767.000000
-4852.000000	-3768.000000	17548.000000
-136.000000	-4416.000000	18800.000000
580.000000	-9308.000000	17072.000000
1392.000000	-13916.000000	21000.000000
-1912.000000	-8624.000000	17720.000000
-1408.000000	-6792.000000	14012.000000
-3596.000000	-4072.000000	12776.000000
-2340.000000	-6344.000000	11792.000000
-2912.000000	-5724.000000	13012.000000
-2812.000000	-7444.000000	14004.000000
-2356.000000	-9092.000000	14604.000000
-3184.000000	-8400.000000	14900.000000
-1760.000000	-10168.000000	15800.000000
-2120.000000	-9720.000000	15416.000000
392.000000	-9080.000000	16656.000000
-424.000000	-8860.000000	18428.000000
-1368.000000	-16712.000000	23204.000000
3612.000000	-12452.000000	22948.000000
4576.000000	-12892.000000	22204.000000
5488.000000	-11832.000000	23000.000000
6896.000000	-8884.000000	20148.000000
7052.000000	-13188.000000	19472.000000
5592.000000	-7516.000000	19964.000000
6408.000000	-6572.000000	19224.000000
6284.000000	-4800.000000	17352.000000
5640.000000	-2620.000000	13772.000000
4656.000000	-1024.000000	9636.000000
1436.000000	3524.000000	928.000000
2544.000000	-3524.000000	3960.000000
1424.000000	1192.000000	2448.000000
2048.000000	-736.000000	2912.000000
2020.000000	2228.000000	5380.000000
344.000000	3952.000000	4864.000000
-28.000000	3524.000000	3564.000000
1584.000000	3276.000000	5956.000000
4980.000000	2500.000000	11376.000000
5784.000000	1376.000000	12380.000000
5400.000000	-660.000000	10212.000000
6104.000000	1388.000000	11044.000000
6704.000000	1344.000000	11736.000000
7176.000000	252.000000	10628.000000
7644.000000	512.000000	11808.000000
8136.000000	508.000000	12344.000000
8520.000000	2244.000000	13380.000000
9380.000000	2352.000000	14084.000000
9628.000000	704.000000	12960.000000
9836.000000	-244.000000	13252.000000
10288.000000	256.000000	15060.000000
10908.000000	64.000000	16944.000000
11040.000000	-612.000000	17448.000000
9628.000000	-628.000000	15336.000000
9428.000000	-684.000000	13540.000000
8012.000000	-296.000000	12220.000000
6612.000000	48.000000	11292.000000
6116.000000	996.000000	10140.000000
6028.000000	188.000000	9388.000000
6280.000000	-896.000000	9132.000000
7588.000000	-876.000000	12052.000000
9580.000000	-1172.000000	15592.000000
9848.000000	-912.000000	16860.000000
10376.000000	-1000.000000	15984.000000
9148.000000	-1920.000000	14196.000000
9056.000000	-140.000000	13944.000000
7700.000000	528.000000	12716.000000
8044.000000	796.000000	13732.000000
8016.000000	896.000000	14476.000000
7900.000000	808.000000	13916.000000
7172.000000	828.000000	12844.000000
7844.000000	720.000000	14052.000000
8364.000000	-520.000000	14128.000000
8676.000000	44.000000	14968.000000
8684.000000	-40.000000	14796.000000
8764.000000	-504.000000	14896.000000
8744.000000	-368.000000	14824.000000
8608.000000	-88.000000	14048.000000
8324.000000	-204.000000	14076.000000
8216.000000	-32.000000	13572.000000
7620.000000	24.000000	12608.000000
7868.000000	-988.000000	12764.000000
7964.000000	-940.000000	12644.000000
7944.000000	-332.000000	12376.000000
8388.000000	-500.000000	13264.000000
8356.000000	-120.000000	13376.000000
8312.000000	280.000000	13276.000000
8448.000000	192.000000	13512.000000
8716.000000	92.000000	13596.000000
8624.000000	-136.000000	13496.000000
8368.000000	-112.000000	13096.000000
8308.000000	-48.000000	13272.000000
8092.000000	-284.000000	13056.000000
8252.000000	-12.000000	13508.000000
8156.000000	220.000000	13628.000000
8368.000000	-72.000000	14164.000000
8672.000000	-40.000000	14668.000000
8408.000000	360.000000	14160.000000
8356.000000	380.000000	14020.000000
8408.000000	204.000000	13104.000000
8368.000000	-328.000000	13316.000000
8688.000000	-272.000000	13872.000000
8912.000000	-280.000000	14060.000000
8768.000000	-584.000000	13668.000000
8508.000000	24.000000	13472.000000
8564.000000	-392.000000	13364.000000
8212.000000	-672.000000	13240.000000
7888.000000	-272.000000	12340.000000
7756.000000	-168.000000	12532.000000
8116.000000	456.000000	13544.000000
8448.000000	-184.000000	13612.000000
8124.000000	248.000000	12996.000000
8524.000000	364.000000	13796.000000
8912.000000	-44.000000	14868.000000
8704.000000	-120.000000	14520.000000
8136.000000	124.000000	13664.000000
7788.000000	468.000000	13356.000000
7748.000000	148.000000	12856.000000
7920.000000	96.000000	13432.000000
8164.000000	-256.000000	13652.000000
8348.000000	104.000000	14308.000000
8212.000000	212.000000	14316.000000
8760.000000	-8.000000	14680.000000
8792.000000	-296.000000	14308.000000
8332.000000	296.000000	13472.000000
8124.000000	632.000000	12984.000000
8012.000000	88.000000	12680.000000
7916.000000	-152.000000	12712.000000
8068.000000	-252.000000	13200.000000
8160.000000	68.000000	13172.000000
8200.000000	-16.000000	13328.000000
8408.000000	-288.000000	13800.000000
8480.000000	96.000000	13904.000000
8368.000000	88.000000	13956.000000
8060.000000	292.000000	13504.000000
7848.000000	228.000000	13072.000000
7824.000000	328.000000	12956.000000
7968.000000	208.000000	13216.000000
7936.000000	284.000000	13664.000000
8252.000000	280.000000	13660.000000
8808.000000	-324.000000	14336.000000
8720.000000	76.000000	14412.000000
8596.000000	408.000000	14144.000000
8116.000000	140.000000	13240.000000
8148.000000	204.000000	13332.000000
8256.000000	-108.000000	13432.000000
8540.000000	-240.000000	14016.000000
8512.000000	-224.000000	13956.000000
8312.000000	108.000000	13588.000000
8024.000000	200.000000	13032.000000
8068.000000	-304.000000	13260.000000
8220.000000	12.000000	13692.000000
8240.000000	444.000000	13884.000000
8152.000000	408.000000	13800.000000
8356.000000	364.000000	13952.000000
8492.000000	172.000000	13928.000000
8200.000000	296.000000	13516.000000
7980.000000	68.000000	13240.000000
7992.000000	168.000000	13184.000000
8108.000000	196.000000	13652.000000
8544.000000	100.000000	14084.000000
8552.000000	216.000000	14072.000000
8220.000000	272.000000	13444.000000
8064.000000	128.000000	13232.000000
7992.000000	420.000000	13020.000000
7816.000000	484.000000	12772.000000
7984.000000	436.000000	12984.000000
8080.000000	16.000000	13196.000000
8168.000000	48.000000	13424.000000
8492.000000	204.000000	13936.000000
8548.000000	488.000000	14460.000000
8716.000000	132.000000	14372.000000
8708.000000	48.000000	14300.000000
8632.000000	176.000000	14264.000000
8508.000000	264.000000	14280.000000
8592.000000	-60.000000	14280.000000
8152.000000	20.000000	13520.000000
8048.000000	344.000000	13004.000000
7876.000000	676.000000	12956.000000
7916.000000	264.000000	12940.000000
8484.000000	92.000000	13564.000000
8700.000000	324.000000	13788.000000
8512.000000	52.000000	13376.000000
8528.000000	100.000000	13356.000000
8356.000000	160.000000	13084.000000
8700.000000	-132.000000	13692.000000
8412.000000	288.000000	13292.000000
8236.000000	776.000000	13184.000000
8336.000000	688.000000	13720.000000
8164.000000	276.000000	13036.000000
8056.000000	180.000000	13224.000000
7932.000000	800.000000	12740.000000
8088.000000	336.000000	13152.000000
8368.000000	464.000000	13724.000000
8540.000000	404.000000	13804.000000
8372.000000	300.000000	13928.000000
8208.000000	292.000000	13672.000000
8180.000000	-4.000000	13280.000000
8372.000000	64.000000	13764.000000
8212.000000	480.000000	13480.000000
8300.000000	604.000000	13624.000000
8348.000000	544.000000	13716.000000
7988.000000	508.000000	13328.000000
8204.000000	616.000000	13416.000000
8252.000000	400.000000	13952.000000
8220.000000	308.000000	13652.000000
7888.000000	504.000000	13408.000000
8128.000000	260.000000	13072.000000
8080.000000	400.000000	13636.000000
8144.000000	368.000000	13964.000000
8348.000000	52.000000	14132.000000
8392.000000	0.000000	14180.000000
8240.000000	156.000000	13928.000000
8068.000000	120.000000	13728.000000
8060.000000	108.000000	13868.000000
8040.000000	256.000000	13644.000000
8316.000000	760.000000	13992.000000
8448.000000	312.000000	14180.000000
8244.000000	256.000000	13620.000000
8092.000000	156.000000	13312.000000
8132.000000	152.000000	13216.000000
8200.000000	324.000000	13312.000000
8320.000000	96.000000	13292.000000
8332.000000	556.000000	13428.000000
8544.000000	492.000000	13764.000000
8296.000000	856.000000	13668.000000
8592.000000	572.000000	13380.000000
8076.000000	868.000000	13072.000000
8200.000000	312.000000	13024.000000
8504.000000	152.000000	13516.000000
8632.000000	236.000000	13800.000000
8264.000000	624.000000	13640.000000
8060.000000	664.000000	13376.000000
7956.000000	756.000000	13180.000000
7728.000000	388.000000	12840.000000
8180.000000	648.000000	13376.000000
8400.000000	800.000000	14076.000000
8264.000000	932.000000	13936.000000
8200.000000	852.000000	13792.000000
8504.000000	464.000000	13864.000000
8688.000000	72.000000	14156.000000
8344.000000	344.000000	13848.000000
8084.000000	368.000000	13212.000000
8164.000000	768.000000	13320.000000
8552.000000	96.000000	13980.000000
8552.000000	400.000000	13848.000000
8232.000000	608.000000	13588.000000
7848.000000	524.000000	12716.000000
8176.000000	116.000000	13512.000000
8352.000000	412.000000	13748.000000
8260.000000	660.000000	13792.000000
8192.000000	1104.000000	13396.000000
8312.000000	640.000000	13668.000000
8112.000000	792.000000	13384.000000
8120.000000	880.000000	13400.000000
8080.000000	728.000000	13568.000000
8180.000000	996.000000	13636.000000
8128.000000	856.000000	13608.000000
7960.000000	884.000000	13408.000000
8380.000000	552.000000	13736.000000
8228.000000	484.000000	13596.000000
8276.000000	356.000000	13468.000000
8360.000000	344.000000	13904.000000
8268.000000	400.000000	13692.000000
8192.000000	748.000000	13484.000000
8308.000000	436.000000	13624.000000
8268.000000	904.000000	13500.000000
8196.000000	736.000000	13232.000000
8260.000000	520.000000	13392.000000
8288.000000	604.000000	13532.000000
8308.000000	348.000000	13220.000000
8260.000000	716.000000	13288.000000
8296.000000	700.000000	13132.000000
8388.000000	704.000000	13712.000000
8624.000000	344.000000	13908.000000
8196.000000	380.000000	13288.000000
8064.000000	672.000000	13352.000000
8268.000000	476.000000	13832.000000
8516.000000	656.000000	14016.000000
8264.000000	716.000000	13476.000000
8148.000000	564.000000	13272.000000
7900.000000	488.000000	13304.000000
8036.000000	712.000000	13100.000000
8128.000000	704.000000	13704.000000
8476.000000	572.000000	14056.000000
8756.000000	608.000000	14756.000000
8608.000000	520.000000	14424.000000
8416.000000	544.000000	14240.000000
8160.000000	504.000000	13620.000000
8224.000000	292.000000	13708.000000
8900.000000	252.000000	14076.000000
8144.000000	444.000000	13644.000000
7796.000000	568.000000	12760.000000
7972.000000	568.000000	12944.000000
8080.000000	812.000000	12920.000000
8456.000000	940.000000	13280.000000
9072.000000	1312.000000	15052.000000
8516.000000	1176.000000	13548.000000
7880.000000	1260.000000	12588.000000
7748.000000	1212.000000	12400.000000
7592.000000	1260.000000	11996.000000
7192.000000	616.000000	11784.000000
7744.000000	956.000000	12636.000000
7876.000000	956.000000	13472.000000
8028.000000	1028.000000	13572.000000
7788.000000	1168.000000	13312.000000
7504.000000	1040.000000	12784.000000
7332.000000	1144.000000	13132.000000
7372.000000	444.000000	12272.000000
6960.000000	1480.000000	12776.000000
7032.000000	988.000000	11836.000000
6284.000000	676.000000	12484.000000
5120.000000	120.000000	10820.000000
5428.000000	480.000000	11664.000000
4968.000000	1116.000000	11136.000000
4000.000000	392.000000	10072.000000
3564.000000	628.000000	9964.000000
2792.000000	-564.000000	10612.000000
5988.000000	-540.000000	1184.000000
1876.000000	2040.000000	7200.000000
1064.000000	2016.000000	6500.000000
348.000000	1876.000000	6052.000000
-44.000000	380.000000	-1020.000000
764.000000	680.000000	-704.000000
868.000000	-688.000000	-1264.000000
548.000000	-700.000000	-1964.000000
2004.000000	-2508.000000	-600.000000
6176.000000	-6092.000000	-180.000000
4668.000000	-4692.000000	2104.000000
5320.000000	-10032.000000	8056.000000
-12500.000000	-11740.000000	4740.000000
-18984.000000	-24260.000000	32767.000000
-32768.000000	-32768.000000	32767.000000
-6720.000000	-10276.000000	-32768.000000
352.000000	-16672.000000	13964.000000
1244.000000	-10500.000000	25440.000000
7892.000000	-692.000000	15008.000000
8464.000000	-7768.000000	23684.000000
2748.000000	-12748.000000	26392.000000
1112.000000	-6760.000000	20320.000000
-204.000000	-4612.000000	7468.000000
2016.000000	-7124.000000	3516.000000
-1928.000000	-8032.000000	8572.000000
-2832.000000	-7988.000000	9044.000000
-2672.000000	-6900.000000	9744.000000
-2656.000000	-6864.000000	11424.000000
-232.000000	-11040.000000	12736.000000
-996.000000	-11776.000000	14252.000000
-1760.000000	-10948.000000	16208.000000
-108.000000	-8960.000000	16024.000000
4712.000000	-9860.000000	16660.000000
132.000000	-10784.000000	14528.000000
772.000000	-11192.000000	14048.000000
1796.000000	-9748.000000	14232.000000
2236.000000	-8072.000000	13764.000000
1792.000000	-9032.000000	14140.000000
4924.000000	-7840.000000	18972.000000
2912.000000	-15928.000000	21880.000000
1756.000000	-9172.000000	21856.000000
2532.000000	-8416.000000	21392.000000
2960.000000	-6260.000000	18484.000000
884.000000	3756.000000	17320.000000
8940.000000	2316.000000	14140.000000
640.000000	-13460.000000	11336.000000
3924.000000	-1196.000000	11292.000000
6224.000000	-5836.000000	13436.000000
6676.000000	-7384.000000	14004.000000
7376.000000	-6680.000000	11992.000000
6304.000000	-5004.000000	9476.000000
5608.000000	-2880.000000	9428.000000
3200.000000	-1120.000000	6936.000000
4832.000000	-1436.000000	3824.000000
652.000000	-724.000000	3172.000000
3072.000000	-380.000000	7696.000000
3084.000000	-456.000000	12344.000000
4852.000000	-2672.000000	16096.000000
6504.000000	-444.000000	15900.000000
3564.000000	-2652.000000	12696.000000
3636.000000	-2092.000000	10988.000000
2696.000000	-1768.000000	8608.000000
5912.000000	-2996.000000	10468.000000
4872.000000	-3424.000000	10204.000000
4996.000000	-2184.000000	11276.000000
6052.000000	-1524.000000	13620.000000
7164.000000	-1856.000000	15572.000000
8048.000000	-2900.000000	16380.000000
7764.000000	-2712.000000	14944.000000
7184.000000	-1768.000000	14020.000000
7708.000000	-1532.000000	14428.000000
8540.000000	-2420.000000	16872.000000
8960.000000	-3020.000000	17044.000000
9228.000000	-2828.000000	17892.000000
8800.000000	-3044.000000	16272.000000
8908.000000	-2688.000000	15944.000000
7652.000000	-848.000000	14668.000000
7396.000000	-2208.000000	13172.000000
6984.000000	-2672.000000	12380.000000
6752.000000	-2824.000000	12356.000000
7052.000000	-1944.000000	11924.000000
7460.000000	-1264.000000	12288.000000
7704.000000	-844.000000	13596.000000
7456.000000	-1084.000000	14220.000000
7408.000000	-1364.000000	13368.000000
6752.000000	-1776.000000	12080.000000
6988.000000	200.000000	11228.000000
6388.000000	-1076.000000	10044.000000
7488.000000	-1304.000000	11424.000000
5360.000000	-4140.000000	11672.000000
8852.000000	-1236.000000	14660.000000
9332.000000	-92.000000	14436.000000
9120.000000	-1968.000000	14352.000000
9460.000000	-880.000000	14828.000000
9612.000000	-900.000000	15776.000000
9124.000000	-1624.000000	14148.000000
8476.000000	-1064.000000	13448.000000
8148.000000	-1204.000000	12020.000000
8972.000000	-1432.000000	13856.000000
7292.000000	-1140.000000	12280.000000
7624.000000	-1464.000000	12192.000000
7776.000000	-1976.000000	12640.000000
8796.000000	-1788.000000	14204.000000
8968.000000	-1456.000000	14672.000000
8968.000000	-1784.000000	14896.000000
9292.000000	-1792.000000	15516.000000
8128.000000	-2008.000000	13800.000000
8104.000000	-1764.000000	11960.000000
7608.000000	-1292.000000	12372.000000
7280.000000	-988.000000	12460.000000
7532.000000	-1484.000000	12568.000000
7792.000000	-1544.000000	13048.000000
7856.000000	-1180.000000	13236.000000
7784.000000	-1252.000000	12736.000000
8072.000000	-1748.000000	13804.000000
8300.000000	-1788.000000	13792.000000
8284.000000	-1664.000000	14140.000000
8748.000000	-1832.000000	14508.000000
8744.000000	-1884.000000	14084.000000
8532.000000	-1588.000000	13608.000000
7944.000000	-1908.000000	13452.000000
8544.000000	-952.000000	14000.000000
8476.000000	-1048.000000	13708.000000
8308.000000	-1128.000000	13680.000000
8100.000000	-1056.000000	13180.000000
8268.000000	-1848.000000	13600.000000
8016.000000	-1832.000000	13284.000000
8064.000000	-1360.000000	12912.000000
7924.000000	-780.000000	13040.000000
7964.000000	-748.000000	13056.000000
8192.000000	-1028.000000	13420.000000
7880.000000	-1156.000000	13212.000000
7764.000000	-1404.000000	13008.000000
7400.000000	-1732.000000	12812.000000
8092.000000	-1520.000000	13120.000000
7704.000000	-1380.000000	13384.000000
8676.000000	-1276.000000	14912.000000
8624.000000	-1656.000000	14800.000000
8588.000000	-1216.000000	14412.000000
8340.000000	-1304.000000	14044.000000
8172.000000	-1284.000000	14024.000000
8212.000000	-1972.000000	13432.000000
7708.000000	-1440.000000	13148.000000
8844.000000	-1168.000000	14608.000000
8348.000000	-1176.000000	13416.000000
8004.000000	-1800.000000	13468.000000
8200.000000	-1332.000000	14552.000000
8504.000000	-1760.000000	14232.000000
8564.000000	-1696.000000	14116.000000
8996.000000	-1324.000000	15012.000000
8520.000000	-2236.000000	14088.000000
7860.000000	-1156.000000	14304.000000
7556.000000	-1920.000000	12320.000000
7492.000000	-1356.000000	12788.000000
7792.000000	-1100.000000	13320.000000
7736.000000	-1008.000000	13112.000000
8244.000000	-1044.000000	13708.000000
8796.000000	-1472.000000	14472.000000
8548.000000	-1620.000000	14248.000000
8224.000000	-860.000000	13864.000000
7964.000000	-688.000000	13644.000000
6716.000000	-920.000000	12312.000000
8000.000000	-1636.000000	13304.000000
8060.000000	-1012.000000	13416.000000
7864.000000	-1472.000000	12792.000000
8404.000000	-1432.000000	13868.000000
8364.000000	-1456.000000	13620.000000
8064.000000	-908.000000	13168.000000
8104.000000	-992.000000	13260.000000
8296.000000	-1192.000000	13728.000000
8268.000000	-940.000000	13604.000000
8180.000000	-676.000000	14004.000000
8164.000000	-1212.000000	13352.000000
8060.000000	-1412.000000	13224.000000
7824.000000	-1208.000000	13128.000000
7764.000000	-1024.000000	12968.000000
7808.000000	-980.000000	13228.000000
8080.000000	-1140.000000	13596.000000
8452.000000	-1428.000000	14096.000000
8784.000000	-1268.000000	14596.000000
8504.000000	-1332.000000	14172.000000
8488.000000	-1236.000000	14044.000000
7492.000000	-1692.000000	13848.000000
7836.000000	-1516.000000	13416.000000
8132.000000	-1208.000000	13788.000000
8168.000000	-1368.000000	13308.000000
8016.000000	-1108.000000	13236.000000
8104.000000	-1152.000000	13340.000000
8020.000000	-1348.000000	13776.000000
8276.000000	-1172.000000	13784.000000
8240.000000	-964.000000	13648.000000
8016.000000	-1032.000000	13376.000000
7924.000000	-1472.000000	13380.000000
8048.000000	-1304.000000	13492.000000
8196.000000	-1096.000000	13796.000000
8060.000000	-1408.000000	13504.000000
8292.000000	-1124.000000	13872.000000
8668.000000	-1428.000000	14476.000000
8400.000000	-1444.000000	13576.000000
8616.000000	-1420.000000	13788.000000
8316.000000	-1320.000000	13532.000000
7868.000000	-1032.000000	12984.000000
7920.000000	-760.000000	13180.000000
7932.000000	-568.000000	13656.000000
8076.000000	-1024.000000	13708.000000
7988.000000	-1044.000000	13368.000000
8188.000000	-928.000000	13796.000000
8736.000000	-1672.000000	14704.000000
8500.000000	-1028.000000	14264.000000
8016.000000	-712.000000	13592.000000
7724.000000	-920.000000	13264.000000
7756.000000	-1212.000000	12976.000000
7860.000000	-1152.000000	12940.000000
8072.000000	-928.000000	13304.000000
7972.000000	-916.000000	13236.000000
8176.000000	-792.000000	13508.000000
8888.000000	-440.000000	13436.000000
8372.000000	-620.000000	13480.000000
8532.000000	-1544.000000	13644.000000
8668.000000	-1380.000000	13724.000000
8324.000000	-1204.000000	13388.000000
8176.000000	-1064.000000	13544.000000
8108.000000	-1064.000000	13500.000000
8164.000000	-1252.000000	13340.000000
8184.000000	-1036.000000	13560.000000
8260.000000	-1184.000000	13660.000000
8232.000000	-760.000000	13768.000000
8356.000000	-836.000000	13800.000000
8392.000000	-1064.000000	13708.000000
8028.000000	-668.000000	14004.000000
8008.000000	-928.000000	13524.000000
8092.000000	-1264.000000	13580.000000
8280.000000	-852.000000	13604.000000
7940.000000	-1048.000000	13716.000000
8236.000000	-916.000000	13780.000000
8172.000000	-1028.000000	13624.000000
8148.000000	-1288.000000	13356.000000
7972.000000	-1156.000000	13080.000000
7964.000000	-784.000000	13264.000000
7956.000000	-616.000000	13084.000000
8216.000000	-792.000000	13112.000000
7984.000000	-412.000000	13556.000000
8360.000000	-860.000000	13476.000000
8424.000000	-1272.000000	13572.000000
8548.000000	-1268.000000	13428.000000
8348.000000	-1252.000000	13644.000000
8468.000000	-960.000000	13504.000000
8140.000000	-912.000000	13172.000000
8068.000000	-764.000000	13724.000000
7984.000000	-796.000000	13284.000000
8056.000000	-892.000000	13224.000000
7888.000000	-860.000000	13556.000000
8380.000000	-912.000000	13768.000000
8300.000000	-808.000000	13820.000000
8080.000000	-1164.000000	13540.000000
8068.000000	-1156.000000	13724.000000
7828.000000	-944.000000	13624.000000
8156.000000	-1028.000000	13976.000000
8144.000000	-856.000000	13772.000000
8080.000000	-756.000000	13724.000000
8356.000000	-704.000000	14056.000000
8288.000000	-1092.000000	14164.000000
8332.000000	-988.000000	14132.000000
7984.000000	-680.000000	13660.000000
7780.000000	-692.000000	13152.000000
7976.000000	-888.000000	13288.000000
8296.000000	-1432.000000	14212.000000
8084.000000	-1020.000000	13648.000000
8148.000000	-752.000000	13620.000000
8108.000000	-776.000000	13640.000000
8064.000000	-948.000000	13596.000000
8412.000000	-932.000000	13548.000000
7976.000000	-892.000000	13172.000000
8320.000000	-796.000000	13376.000000
7952.000000	-680.000000	13652.000000
8340.000000	-800.000000	13568.000000
8128.000000	-952.000000	13376.000000
8116.000000	-1216.000000	13320.000000
7932.000000	-1328.000000	12792.000000
7692.000000	-840.000000	12676.000000
7752.000000	-728.000000	13376.000000
7924.000000	-524.000000	13776.000000
7992.000000	-852.000000	13748.000000
7808.000000	-712.000000	13696.000000
7760.000000	-820.000000	13528.000000
7436.000000	-632.000000	13588.000000
7924.000000	-1104.000000	13760.000000
8144.000000	-988.000000	14344.000000
7884.000000	-1032.000000	13572.000000
7892.000000	-1016.000000	13428.000000
7588.000000	-768.000000	13152.000000
7648.000000	-1096.000000	12948.000000
7688.000000	-816.000000	13228.000000
7392.000000	-668.000000	12160.000000
7588.000000	-920.000000	13288.000000
8408.000000	-944.000000	14104.000000
8848.000000	-1504.000000	13980.000000
8796.000000	-1624.000000	14728.000000
8696.000000	-1552.000000	14700.000000
8808.000000	-1476.000000	14708.000000
9344.000000	-2012.000000	15560.000000
8784.000000	-1444.000000	14848.000000
7980.000000	-1084.000000	13676.000000
7708.000000	-980.000000	13604.000000
7968.000000	-880.000000	13844.000000
8304.000000	-1364.000000	14148.000000
8076.000000	-1928.000000	13852.000000
8064.000000	-1256.000000	13584.000000
7612.000000	-1168.000000	13448.000000
7604.000000	-500.000000	13480.000000
7616.000000	-464.000000	13288.000000
7432.000000	-1164.000000	13492.000000
7728.000000	-680.000000	13304.000000
7656.000000	-924.000000	13188.000000
7848.000000	-936.000000	12860.000000
8144.000000	-1380.000000	13456.000000
8244.000000	-1300.000000	13260.000000
8620.000000	-1556.000000	13960.000000
8796.000000	-1708.000000	14148.000000
8912.000000	-1752.000000	14500.000000
9264.000000	-1784.000000	14696.000000
8880.000000	-1332.000000	14152.000000
8484.000000	-1024.000000	13544.000000
8176.000000	-1200.000000	13144.000000
8340.000000	-1328.000000	13164.000000
8236.000000	-1472.000000	13208.000000
8232.000000	-1656.000000	12900.000000
8068.000000	-1452.000000	12960.000000
8112.000000	-2208.000000	12852.000000
8020.000000	-2124.000000	12644.000000
8236.000000	-2216.000000	13516.000000
8864.000000	-2168.000000	13888.000000
8152.000000	-2612.000000	13604.000000
8276.000000	-1272.000000	14156.000000
8968.000000	-2920.000000	12744.000000
8256.000000	-1412.000000	13520.000000
6204.000000	-560.000000	12220.000000
6420.000000	-5340.000000	14244.000000
7684.000000	-1868.000000	13568.000000
5908.000000	-176.000000	14304.000000
7100.000000	-220.000000	14156.000000
8260.000000	-288.000000	13508.000000
7280.000000	-952.000000	14240.000000
8204.000000	-500.000000	14400.000000
8152.000000	-708.000000	14180.000000
7968.000000	-608.000000	13624.000000
7600.000000	-180.000000	13404.000000
7756.000000	-664.000000	13580.000000
7752.000000	-260.000000	13452.000000
7788.000000	-528.000000	13320.000000
8000.000000	-1024.000000	13544.000000
8076.000000	-1024.000000	13732.000000
8136.000000	-908.000000	13544.000000
9076.000000	-892.000000	14076.000000
8156.000000	-2304.000000	13540.000000
8380.000000	-1776.000000	12988.000000
7940.000000	-1500.000000	13732.000000
7856.000000	-1472.000000	13228.000000
8136.000000	-1316.000000	13132.000000
8140.000000	-1800.000000	13356.000000
8212.000000	-1764.000000	13464.000000
8456.000000	-1524.000000	14120.000000
8856.000000	-1288.000000	14772.000000
8820.000000	-1320.000000	14684.000000
8744.000000	-888.000000	13808.000000
8276.000000	-864.000000	12784.000000
8452.000000	-316.000000	13488.000000
8380.000000	-892.000000	13384.000000
8872.000000	492.000000	13328.000000
7640.000000	-1768.000000	10904.000000
8244.000000	-952.000000	13052.000000
8180.000000	-1264.000000	14588.000000
9044.000000	-1020.000000	13744.000000
8396.000000	-1352.000000	12532.000000
9804.000000	1292.000000	13696.000000
6712.000000	-2744.000000	11984.000000
8320.000000	-680.000000	12940.000000
8744.000000	-1364.000000	13200.000000
8660.000000	-816.000000	13628.000000
8560.000000	-1196.000000	12680.000000
8516.000000	-1244.000000	12692.000000
8800.000000	-1124.000000	12912.000000
8708.000000	-1096.000000	13060.000000
8784.000000	-1632.000000	12996.000000
8964.000000	-256.000000	13364.000000
8584.000000	-1888.000000	12736.000000
8868.000000	-964.000000	12332.000000
9244.000000	-1036.000000	13252.000000
8956.000000	448.000000	14084.000000
9368.000000	652.000000	14260.000000
9224.000000	-676.000000	13700.000000
7508.000000	648.000000	14164.000000
8364.000000	-88.000000	13092.000000
8068.000000	-328.000000	12668.000000
8128.000000	-544.000000	12932.000000
7984.000000	-632.000000	13192.000000
8144.000000	-708.000000	13676.000000
8464.000000	-888.000000	14096.000000
7572.000000	-1384.000000	12892.000000
7360.000000	-772.000000	12992.000000
7328.000000	-760.000000	12888.000000
6848.000000	-708.000000	12620.000000
7628.000000	-756.000000	13820.000000
7660.000000	-576.000000	13776.000000
7928.000000	228.000000	14032.000000
7836.000000	-56.000000	13904.000000
7676.000000	-540.000000	14460.000000
8300.000000	-756.000000	15164.000000
7776.000000	-1032.000000	14432.000000
6232.000000	-2460.000000	14276.000000
8392.000000	-560.000000	14656.000000
8040.000000	-2428.000000	13176.000000
7856.000000	-980.000000	14444.000000
6548.000000	-1156.000000	12888.000000
7240.000000	-1680.000000	14296.000000
8656.000000	-984.000000	13336.000000
4688.000000	-3388.000000	12588.000000
8220.000000	-84.000000	12704.000000
7896.000000	-860.000000	13488.000000
8112.000000	1232.000000	14424.000000
9448.000000	-1048.000000	14760.000000
8040.000000	-1940.000000	15008.000000
8276.000000	-1236.000000	14924.000000
8520.000000	-2676.000000	14648.000000
8412.000000	-2124.000000	14952.000000
8740.000000	-2004.000000	14984.000000
8984.000000	-1920.000000	14512.000000
8048.000000	-1372.000000	13852.000000
7788.000000	-1360.000000	14088.000000
7760.000000	-1268.000000	13764.000000
7828.000000	-1520.000000	13744.000000
8124.000000	-1300.000000	14080.000000
8256.000000	-1028.000000	14256.000000
8524.000000	-948.000000	14548.000000
8464.000000	-1380.000000	14560.000000
8632.000000	-1484.000000	14680.000000
7892.000000	-1692.000000	13464.000000
7708.000000	-1208.000000	12856.000000
7512.000000	-576.000000	12672.000000
7544.000000	-404.000000	12992.000000
7532.000000	-292.000000	12876.000000
8056.000000	-836.000000	13104.000000
8540.000000	-1640.000000	13596.000000
8412.000000	256.000000	13632.000000
8396.000000	-468.000000	13936.000000
8024.000000	-228.000000	13152.000000
8128.000000	-416.000000	12860.000000
7856.000000	-376.000000	12864.000000
7932.000000	-308.000000	12728.000000
7832.000000	-252.000000	12776.000000
8084.000000	-252.000000	13344.000000
7764.000000	-376.000000	13052.000000
8040.000000	-760.000000	13320.000000
8180.000000	-904.000000	13520.000000
8416.000000	-1040.000000	13792.000000
8700.000000	-1324.000000	14004.000000
8540.000000	-1272.000000	13920.000000
8396.000000	-728.000000	13484.000000
7728.000000	-272.000000	13080.000000
7528.000000	-132.000000	12920.000000
7524.000000	-420.000000	12772.000000
7664.000000	560.000000	13612.000000
8276.000000	736.000000	15072.000000
8512.000000	-788.000000	14640.000000
8268.000000	-200.000000	15456.000000
8328.000000	-680.000000	14768.000000
7724.000000	-636.000000	13960.000000
7612.000000	-544.000000	13808.000000
7632.000000	-988.000000	13576.000000
7672.000000	-644.000000	13480.000000
7596.000000	-724.000000	13436.000000
7548.000000	-220.000000	13556.000000
7600.000000	-212.000000	13808.000000
7616.000000	-548.000000	13540.000000
8124.000000	380.000000	14616.000000
7900.000000	-680.000000	14184.000000
7964.000000	-188.000000	14396.000000
8048.000000	-356.000000	13916.000000
7980.000000	-1116.000000	13684.000000
7864.000000	-932.000000	13912.000000
7920.000000	-512.000000	13664.000000
7752.000000	-172.000000	14072.000000
8180.000000	-548.000000	14104.000000
8064.000000	-648.000000	14120.000000
8300.000000	-508.000000	13920.000000
8372.000000	-156.000000	14276.000000
8124.000000	-60.000000	13672.000000
7924.000000	-64.000000	13484.000000
7732.000000	-240.000000	12868.000000
7592.000000	-156.000000	13036.000000
8028.000000	-580.000000	13232.000000
7940.000000	-372.000000	13648.000000
8184.000000	-128.000000	13888.000000
7980.000000	-460.000000	13716.000000
8404.000000	-680.000000	14124.000000
8672.000000	-624.000000	13880.000000
7864.000000	-548.000000	13740.000000
7800.000000	-452.000000	13464.000000
7948.000000	-564.000000	13720.000000
7932.000000	-784.000000	13580.000000
8048.000000	-708.000000	13740.000000
8116.000000	-336.000000	13960.000000
8264.000000	-316.000000	14180.000000
7992.000000	-148.000000	13972.000000
7860.000000	-180.000000	13624.000000
7892.000000	-364.000000	13368.000000
7732.000000	-340.000000	13392.000000
8036.000000	-396.000000	13956.000000
