276.000000	588.000000	14300.000000
452.000000	544.000000	15272.000000
216.000000	1328.000000	15340.000000
252.000000	616.000000	15584.000000
456.000000	1192.000000	14860.000000
676.000000	424.000000	14900.000000
544.000000	-496.000000	14320.000000
876.000000	-176.000000	14388.000000
972.000000	336.000000	15012.000000
900.000000	0.000000	14608.000000
848.000000	-512.000000	14644.000000
868.000000	-264.000000	14984.000000
796.000000	-256.000000	15228.000000
536.000000	-536.000000	15544.000000
432.000000	-680.000000	15152.000000
388.000000	-868.000000	15424.000000
352.000000	-956.000000	15192.000000
348.000000	-1024.000000	14852.000000
324.000000	-920.000000	14584.000000
392.000000	-1464.000000	14764.000000
516.000000	-1624.000000	14968.000000
348.000000	-1648.000000	14460.000000
528.000000	-1872.000000	14664.000000
352.000000	-1456.000000	15036.000000
360.000000	-1264.000000	15368.000000
180.000000	-1020.000000	15436.000000
164.000000	-612.000000	15652.000000
376.000000	-180.000000	15204.000000
132.000000	-512.000000	14544.000000
280.000000	-140.000000	14008.000000
468.000000	-140.000000	14044.000000
148.000000	-264.000000	14352.000000
128.000000	-212.000000	14596.000000
180.000000	316.000000	15308.000000
-76.000000	-552.000000	15136.000000
-168.000000	900.000000	15860.000000
-52.000000	268.000000	15412.000000
-228.000000	-480.000000	14832.000000
220.000000	-160.000000	15104.000000
44.000000	-700.000000	14108.000000
312.000000	-292.000000	14828.000000
296.000000	-396.000000	15148.000000
312.000000	-680.000000	15588.000000
140.000000	-432.000000	16808.000000
-124.000000	-92.000000	16380.000000
172.000000	-88.000000	15864.000000
232.000000	-332.000000	15308.000000
220.000000	-436.000000	14736.000000
348.000000	-364.000000	14516.000000
240.000000	-444.000000	14472.000000
228.000000	-660.000000	14576.000000
288.000000	-528.000000	14508.000000
308.000000	-292.000000	14712.000000
204.000000	-232.000000	15556.000000
320.000000	-456.000000	15444.000000
160.000000	-516.000000	14376.000000
576.000000	-708.000000	14952.000000
512.000000	-784.000000	14320.000000
576.000000	-964.000000	14792.000000
404.000000	-836.000000	15284.000000
248.000000	-716.000000	15540.000000
192.000000	132.000000	15732.000000
160.000000	8.000000	15192.000000
376.000000	-396.000000	14836.000000
312.000000	-632.000000	14456.000000
544.000000	-596.000000	14732.000000
512.000000	-428.000000	14928.000000
368.000000	-512.000000	15312.000000
540.000000	-248.000000	15664.000000
428.000000	-440.000000	15760.000000
600.000000	-508.000000	15468.000000
488.000000	-384.000000	14516.000000
868.000000	-224.000000	14428.000000
788.000000	-108.000000	13904.000000
808.000000	-424.000000	14328.000000
772.000000	-144.000000	14880.000000
532.000000	-276.000000	15056.000000
656.000000	-152.000000	15204.000000
644.000000	-184.000000	15100.000000
584.000000	-144.000000	14996.000000
492.000000	-260.000000	15204.000000
464.000000	-644.000000	15024.000000
624.000000	-436.000000	14788.000000
564.000000	-168.000000	13612.000000
840.000000	-320.000000	13768.000000
720.000000	-412.000000	14220.000000
792.000000	-476.000000	14856.000000
764.000000	-20.000000	15080.000000
652.000000	-260.000000	15236.000000
572.000000	-336.000000	16224.000000
540.000000	-212.000000	16356.000000
508.000000	-232.000000	15792.000000
632.000000	-536.000000	15444.000000
572.000000	-728.000000	14940.000000
576.000000	-524.000000	14384.000000
628.000000	-260.000000	14092.000000
608.000000	-196.000000	13888.000000
500.000000	-432.000000	14296.000000
496.000000	-180.000000	15488.000000
324.000000	-284.000000	16080.000000
244.000000	-308.000000	16300.000000
256.000000	-160.000000	15752.000000
324.000000	24.000000	14920.000000
544.000000	-260.000000	14444.000000
664.000000	4.000000	13648.000000
732.000000	-656.000000	13916.000000
912.000000	-312.000000	14324.000000
660.000000	-28.000000	14376.000000
496.000000	-16.000000	14968.000000
556.000000	232.000000	15460.000000
720.000000	212.000000	15824.000000
512.000000	120.000000	15592.000000
668.000000	-116.000000	15520.000000
772.000000	-268.000000	14648.000000
872.000000	-216.000000	14376.000000
772.000000	-188.000000	13900.000000
740.000000	-532.000000	13940.000000
732.000000	-372.000000	14248.000000
548.000000	-56.000000	14656.000000
552.000000	-352.000000	15728.000000
532.000000	80.000000	14756.000000
796.000000	-204.000000	14412.000000
936.000000	-116.000000	14660.000000
612.000000	-524.000000	13624.000000
944.000000	-600.000000	13844.000000
652.000000	-328.000000	13772.000000
464.000000	-140.000000	14228.000000
232.000000	300.000000	14288.000000
512.000000	48.000000	15500.000000
44.000000	-464.000000	15688.000000
-28.000000	284.000000	14768.000000
56.000000	132.000000	14456.000000
332.000000	8.000000	14400.000000
340.000000	656.000000	14240.000000
-616.000000	-1688.000000	14788.000000
648.000000	-728.000000	15240.000000
300.000000	388.000000	17052.000000
-124.000000	612.000000	16264.000000
-248.000000	388.000000	16284.000000
4.000000	288.000000	15868.000000
60.000000	868.000000	14804.000000
-292.000000	-352.000000	14948.000000
-404.000000	-716.000000	14752.000000
-344.000000	-396.000000	15144.000000
-508.000000	-132.000000	15468.000000
-692.000000	-72.000000	15428.000000
-704.000000	-56.000000	15332.000000
-884.000000	264.000000	15416.000000
-548.000000	256.000000	15096.000000
-432.000000	-476.000000	14524.000000
-436.000000	-360.000000	14732.000000
-384.000000	-632.000000	14812.000000
-456.000000	-852.000000	14564.000000
-248.000000	-124.000000	15292.000000
-600.000000	-260.000000	15404.000000
-592.000000	80.000000	15316.000000
-612.000000	284.000000	15220.000000
-496.000000	436.000000	15468.000000
-320.000000	-268.000000	15664.000000
-412.000000	-476.000000	15844.000000
-544.000000	-712.000000	15220.000000
-592.000000	-724.000000	15336.000000
-544.000000	-980.000000	15540.000000
-580.000000	-896.000000	15604.000000
-720.000000	-844.000000	15896.000000
-632.000000	-596.000000	15496.000000
-508.000000	-916.000000	15136.000000
-292.000000	-908.000000	14832.000000
-384.000000	-1036.000000	14820.000000
-432.000000	-1092.000000	14500.000000
-176.000000	-448.000000	14352.000000
-420.000000	160.000000	14152.000000
-304.000000	-80.000000	14120.000000
-84.000000	152.000000	14184.000000
-60.000000	296.000000	14568.000000
-192.000000	644.000000	14116.000000
12.000000	-532.000000	14484.000000
-304.000000	244.000000	15964.000000
-500.000000	656.000000	16164.000000
-536.000000	708.000000	16920.000000
-504.000000	-60.000000	15844.000000
-376.000000	480.000000	15352.000000
-236.000000	552.000000	14596.000000
-220.000000	-104.000000	13804.000000
-244.000000	-988.000000	13104.000000
-68.000000	-140.000000	13928.000000
-40.000000	-920.000000	14500.000000
-48.000000	-784.000000	14536.000000
-212.000000	-568.000000	14440.000000
-444.000000	-224.000000	15552.000000
-860.000000	676.000000	17500.000000
-812.000000	-72.000000	16488.000000
-544.000000	-204.000000	15668.000000
-172.000000	-228.000000	14244.000000
64.000000	-320.000000	13080.000000
200.000000	-256.000000	13468.000000
160.000000	-1084.000000	13832.000000
-80.000000	-32.000000	15300.000000
-360.000000	-308.000000	16008.000000
-376.000000	-20.000000	15728.000000
-360.000000	576.000000	15216.000000
-68.000000	372.000000	14292.000000
-16.000000	348.000000	13900.000000
-140.000000	-136.000000	13860.000000
-140.000000	-460.000000	14296.000000
-264.000000	-540.000000	14812.000000
-572.000000	148.000000	15908.000000
-840.000000	124.000000	16432.000000
-884.000000	-176.000000	16144.000000
-856.000000	-252.000000	15256.000000
-796.000000	16.000000	13896.000000
-228.000000	192.000000	14116.000000
-564.000000	-1296.000000	13132.000000
-456.000000	-1312.000000	14504.000000
-644.000000	-1144.000000	14628.000000
-680.000000	-960.000000	15052.000000
-632.000000	-440.000000	16612.000000
-808.000000	-788.000000	17428.000000
-1052.000000	-876.000000	16760.000000
-688.000000	-504.000000	16356.000000
-496.000000	-80.000000	15420.000000
-420.000000	-376.000000	14628.000000
-396.000000	-412.000000	14356.000000
-224.000000	-780.000000	13912.000000
-248.000000	-76.000000	14456.000000
-404.000000	28.000000	14908.000000
-616.000000	-220.000000	15260.000000
-736.000000	-36.000000	15044.000000
-812.000000	-704.000000	13180.000000
-736.000000	68.000000	14068.000000
-596.000000	-512.000000	14192.000000
-768.000000	-432.000000	15120.000000
-1048.000000	-72.000000	15908.000000
-680.000000	-468.000000	15340.000000
-796.000000	-740.000000	14352.000000
-748.000000	-88.000000	14968.000000
-776.000000	-288.000000	15256.000000
-848.000000	-324.000000	16476.000000
-896.000000	-420.000000	16516.000000
-736.000000	-240.000000	15256.000000
-276.000000	-272.000000	14352.000000
-84.000000	-20.000000	14192.000000
-248.000000	-124.000000	14180.000000
-336.000000	312.000000	14756.000000
-412.000000	356.000000	15680.000000
-524.000000	540.000000	15900.000000
-552.000000	624.000000	15636.000000
-828.000000	192.000000	15180.000000
-384.000000	188.000000	15296.000000
-352.000000	-180.000000	14976.000000
-296.000000	-40.000000	14492.000000
-368.000000	-276.000000	14460.000000
-372.000000	12.000000	13912.000000
-392.000000	-36.000000	14268.000000
-448.000000	24.000000	14716.000000
-240.000000	244.000000	14408.000000
-412.000000	-128.000000	15044.000000
-428.000000	-240.000000	15592.000000
-376.000000	-68.000000	15524.000000
-460.000000	88.000000	15468.000000
-372.000000	-100.000000	14952.000000
-348.000000	-88.000000	14812.000000
-456.000000	-604.000000	14760.000000
-364.000000	-808.000000	14772.000000
-344.000000	-868.000000	15192.000000
-372.000000	-68.000000	15352.000000
-692.000000	-136.000000	15692.000000
-552.000000	-76.000000	15532.000000
-356.000000	-448.000000	15420.000000
-300.000000	-688.000000	14940.000000
-92.000000	-596.000000	14740.000000
-144.000000	-1136.000000	14324.000000
-76.000000	-1252.000000	15428.000000
-388.000000	-1036.000000	14916.000000
16.000000	-908.000000	15160.000000
-364.000000	-804.000000	14620.000000
-132.000000	676.000000	14028.000000
260.000000	1128.000000	13428.000000
268.000000	960.000000	13088.000000
288.000000	552.000000	13932.000000
132.000000	56.000000	14700.000000
40.000000	-712.000000	15996.000000
-192.000000	44.000000	15568.000000
-156.000000	648.000000	15104.000000
-172.000000	228.000000	14328.000000
-260.000000	-244.000000	14488.000000
-328.000000	-792.000000	14412.000000
-316.000000	-964.000000	15008.000000
24.000000	24.000000	15724.000000
-204.000000	-136.000000	15584.000000
-536.000000	-164.000000	15536.000000
-484.000000	-208.000000	14948.000000
-296.000000	-288.000000	14752.000000
-352.000000	-900.000000	14748.000000
-452.000000	-548.000000	15408.000000
-668.000000	-660.000000	14956.000000
-384.000000	-668.000000	15008.000000
-232.000000	-80.000000	15068.000000
-492.000000	-196.000000	15156.000000
-456.000000	160.000000	15512.000000
-508.000000	244.000000	15460.000000
-336.000000	-92.000000	15056.000000
-376.000000	-384.000000	14648.000000
-312.000000	-540.000000	14532.000000
-328.000000	-472.000000	14884.000000
-504.000000	64.000000	15424.000000
-668.000000	-64.000000	15216.000000
-572.000000	-544.000000	15564.000000
-480.000000	-816.000000	15352.000000
-368.000000	-484.000000	14336.000000
-420.000000	-404.000000	14808.000000
-396.000000	168.000000	14504.000000
-168.000000	60.000000	14540.000000
-408.000000	-444.000000	14972.000000
-312.000000	-464.000000	14928.000000
-380.000000	-336.000000	14852.000000
-384.000000	-164.000000	14780.000000
-532.000000	-520.000000	14988.000000
-604.000000	-476.000000	15572.000000
-552.000000	-272.000000	15544.000000
-456.000000	-456.000000	15032.000000
-416.000000	-420.000000	15088.000000
-468.000000	-964.000000	15316.000000
-500.000000	-856.000000	15564.000000
-368.000000	-80.000000	15204.000000
-480.000000	468.000000	14544.000000
-480.000000	272.000000	14436.000000
-300.000000	104.000000	14740.000000
-484.000000	-16.000000	14872.000000
-840.000000	440.000000	15564.000000
-660.000000	1432.000000	15260.000000
-876.000000	124.000000	15484.000000
-832.000000	644.000000	16332.000000
-188.000000	-472.000000	15396.000000
-148.000000	-1156.000000	14796.000000
-64.000000	-1628.000000	14556.000000
-468.000000	-1592.000000	14516.000000
-556.000000	-732.000000	14900.000000
-672.000000	-40.000000	14548.000000
-276.000000	852.000000	15104.000000
-700.000000	-780.000000	14792.000000
-300.000000	-620.000000	15212.000000
-360.000000	-208.000000	14232.000000
-464.000000	16.000000	15088.000000
-548.000000	244.000000	15008.000000
-288.000000	124.000000	15392.000000
-300.000000	196.000000	15588.000000
-156.000000	28.000000	15544.000000
-272.000000	-548.000000	15196.000000
-348.000000	-460.000000	14292.000000
-212.000000	-1348.000000	14536.000000
-264.000000	-1608.000000	14816.000000
-396.000000	-648.000000	15632.000000
-420.000000	-700.000000	15428.000000
-456.000000	-1160.000000	15120.000000
-328.000000	-476.000000	15056.000000
-300.000000	-40.000000	14320.000000
-324.000000	-432.000000	14192.000000
-308.000000	-816.000000	14560.000000
-448.000000	-516.000000	14812.000000
-400.000000	-352.000000	14700.000000
-428.000000	-300.000000	15064.000000
-516.000000	-408.000000	15364.000000
-408.000000	-360.000000	15112.000000
-444.000000	-316.000000	15096.000000
-448.000000	-432.000000	15176.000000
-424.000000	-560.000000	15108.000000
-388.000000	-308.000000	14892.000000
-420.000000	-228.000000	15404.000000
-316.000000	-488.000000	15132.000000
-256.000000	-348.000000	14744.000000
-352.000000	-512.000000	14564.000000
-484.000000	-244.000000	14644.000000
-480.000000	-412.000000	14680.000000
-500.000000	-440.000000	14780.000000
-536.000000	-356.000000	14852.000000
-544.000000	-472.000000	15164.000000
-324.000000	-612.000000	14984.000000
-460.000000	-564.000000	14928.000000
-472.000000	-532.000000	15156.000000
-476.000000	-728.000000	15012.000000
-448.000000	-964.000000	15036.000000
-304.000000	-764.000000	15276.000000
-428.000000	-380.000000	15364.000000
-280.000000	-236.000000	14952.000000
-184.000000	-456.000000	14900.000000
-384.000000	-784.000000	15308.000000
-524.000000	-120.000000	15152.000000
-352.000000	-296.000000	14664.000000
-256.000000	-144.000000	14492.000000
-392.000000	-164.000000	14852.000000
-492.000000	-248.000000	14904.000000
-412.000000	-48.000000	14544.000000
-356.000000	-288.000000	14976.000000
-496.000000	-524.000000	15480.000000
-368.000000	-372.000000	15108.000000
-268.000000	-312.000000	14828.000000
-264.000000	-528.000000	14656.000000
-440.000000	-676.000000	15448.000000
-260.000000	-368.000000	14972.000000
-240.000000	-92.000000	14752.000000
-212.000000	116.000000	15032.000000
-312.000000	-304.000000	15332.000000
-352.000000	-528.000000	15444.000000
-600.000000	-108.000000	14664.000000
-328.000000	-172.000000	14968.000000
-484.000000	-1012.000000	15880.000000
-200.000000	-692.000000	15052.000000
-312.000000	44.000000	14244.000000
-28.000000	-600.000000	14392.000000
244.000000	-768.000000	14112.000000
-168.000000	-752.000000	14508.000000
-492.000000	24.000000	14860.000000
-116.000000	-276.000000	14768.000000
-448.000000	-496.000000	15256.000000
-420.000000	696.000000	15228.000000
-580.000000	200.000000	15864.000000
-660.000000	-704.000000	16196.000000
-356.000000	-924.000000	15752.000000
-488.000000	-332.000000	15200.000000
-292.000000	-532.000000	14556.000000
-192.000000	-1044.000000	13860.000000
-76.000000	-884.000000	14036.000000
-124.000000	-340.000000	14828.000000
-260.000000	-332.000000	15072.000000
-448.000000	28.000000	15808.000000
-356.000000	-380.000000	15684.000000
-300.000000	-408.000000	15108.000000
-208.000000	-168.000000	14300.000000
184.000000	-472.000000	13712.000000
40.000000	-996.000000	14140.000000
56.000000	-368.000000	14740.000000
-88.000000	-248.000000	15072.000000
40.000000	-32.000000	15556.000000
28.000000	-544.000000	15404.000000
-128.000000	-120.000000	15732.000000
-128.000000	-296.000000	15388.000000
-92.000000	-296.000000	14876.000000
-248.000000	-368.000000	14796.000000
-220.000000	-664.000000	14548.000000
-112.000000	-696.000000	14984.000000
-524.000000	-780.000000	15188.000000
-484.000000	-552.000000	15136.000000
-248.000000	0.000000	15104.000000
-404.000000	-336.000000	14792.000000
-248.000000	-1068.000000	14680.000000
-252.000000	-816.000000	14748.000000
-248.000000	-380.000000	14968.000000
-264.000000	-408.000000	15000.000000
-352.000000	-700.000000	15276.000000
-244.000000	-648.000000	15068.000000
-296.000000	-596.000000	15444.000000
-300.000000	-580.000000	15712.000000
-336.000000	-528.000000	15312.000000
-312.000000	-420.000000	15256.000000
-268.000000	-496.000000	14904.000000
16.000000	-796.000000	14328.000000
-92.000000	-116.000000	14276.000000
-40.000000	-608.000000	14692.000000
-68.000000	-556.000000	14836.000000
-272.000000	-336.000000	15436.000000
-392.000000	-960.000000	15404.000000
-300.000000	32.000000	16096.000000
-204.000000	-124.000000	15856.000000
-156.000000	-504.000000	15340.000000
-12.000000	-200.000000	14472.000000
108.000000	-408.000000	13940.000000
80.000000	-628.000000	13800.000000
-200.000000	-412.000000	14496.000000
-168.000000	-236.000000	15244.000000
-328.000000	-352.000000	15832.000000
-432.000000	-32.000000	16024.000000
-248.000000	-204.000000	15448.000000
-156.000000	-764.000000	14808.000000
-104.000000	-556.000000	14576.000000
-232.000000	-468.000000	14608.000000
-252.000000	-704.000000	14996.000000
-324.000000	-248.000000	14608.000000
-348.000000	-124.000000	15028.000000
-188.000000	-484.000000	14944.000000
-104.000000	-1248.000000	14728.000000
-112.000000	-532.000000	15172.000000
-236.000000	-344.000000	14832.000000
-160.000000	-676.000000	15128.000000
-280.000000	-488.000000	15760.000000
-316.000000	212.000000	15808.000000
-460.000000	-32.000000	15240.000000
-164.000000	-352.000000	15280.000000
-156.000000	-584.000000	14744.000000
-116.000000	-748.000000	14448.000000
-44.000000	-612.000000	14488.000000
8.000000	-304.000000	14764.000000
-120.000000	-196.000000	14944.000000
-72.000000	-124.000000	15224.000000
-12.000000	-324.000000	15200.000000
-104.000000	-212.000000	15088.000000
-52.000000	-648.000000	15396.000000
-108.000000	-372.000000	15340.000000
-120.000000	-652.000000	15284.000000
-76.000000	-744.000000	15200.000000
76.000000	-836.000000	15184.000000
28.000000	-524.000000	14592.000000
104.000000	-480.000000	14212.000000
36.000000	-304.000000	13916.000000
148.000000	-356.000000	14072.000000
84.000000	-700.000000	15008.000000
48.000000	-508.000000	16048.000000
-204.000000	148.000000	16256.000000
-160.000000	404.000000	15516.000000
8.000000	228.000000	15080.000000
204.000000	-372.000000	14604.000000
192.000000	-868.000000	14504.000000
168.000000	-1280.000000	14768.000000
172.000000	-988.000000	14456.000000
-20.000000	76.000000	14404.000000
24.000000	12.000000	14780.000000
48.000000	-84.000000	14796.000000
0.000000	20.000000	15764.000000
-68.000000	-272.000000	15924.000000
-16.000000	-308.000000	15004.000000
204.000000	-396.000000	14532.000000
280.000000	-748.000000	14120.000000
368.000000	-816.000000	14280.000000
180.000000	-1192.000000	14720.000000
96.000000	-868.000000	14892.000000
160.000000	60.000000	15624.000000
144.000000	-444.000000	15056.000000
348.000000	-636.000000	14544.000000
68.000000	212.000000	14320.000000
84.000000	104.000000	15180.000000
-60.000000	40.000000	14928.000000
40.000000	-256.000000	15036.000000
16.000000	-144.000000	15036.000000
-88.000000	-332.000000	14824.000000
-48.000000	-324.000000	15004.000000
-212.000000	-116.000000	15616.000000
-340.000000	-336.000000	15972.000000
-292.000000	-284.000000	15584.000000
-376.000000	-320.000000	14844.000000
-216.000000	-172.000000	14856.000000
-188.000000	-324.000000	14856.000000
-252.000000	-396.000000	14948.000000
-316.000000	-556.000000	15596.000000
-428.000000	-320.000000	15720.000000
-272.000000	-12.000000	15732.000000
-260.000000	128.000000	15604.000000
-292.000000	-64.000000	15952.000000
-320.000000	-360.000000	15680.000000
-56.000000	-680.000000	14372.000000
-260.000000	-632.000000	14384.000000
-264.000000	-1044.000000	14840.000000
-348.000000	-624.000000	14848.000000
-776.000000	-436.000000	15212.000000
-200.000000	-20.000000	15488.000000
-312.000000	336.000000	15168.000000
-284.000000	76.000000	15180.000000
32.000000	648.000000	14576.000000
-216.000000	460.000000	14592.000000
-528.000000	636.000000	14844.000000
-456.000000	748.000000	13620.000000
-708.000000	3084.000000	11144.000000
-1928.000000	2068.000000	10052.000000
-1768.000000	1664.000000	6472.000000
3176.000000	7156.000000	-1904.000000
1448.000000	-1012.000000	-1452.000000
2476.000000	-1780.000000	-4668.000000
2408.000000	828.000000	-5140.000000
3188.000000	-84.000000	-3944.000000
4100.000000	-928.000000	-2384.000000
2604.000000	-1752.000000	7384.000000
-816.000000	744.000000	14660.000000
-2500.000000	-3196.000000	19260.000000
-9308.000000	-3756.000000	17664.000000
-13188.000000	-4768.000000	25160.000000
-18088.000000	-7996.000000	30020.000000
-19232.000000	-8332.000000	27272.000000
-23552.000000	-10512.000000	25528.000000
-23668.000000	-9492.000000	21060.000000
-20272.000000	-4532.000000	19088.000000
-19560.000000	-3040.000000	17768.000000
-16708.000000	-1724.000000	16768.000000
-14572.000000	408.000000	15484.000000
-13868.000000	1532.000000	12332.000000
-13252.000000	1776.000000	10936.000000
-12108.000000	1816.000000	8152.000000
-9272.000000	1612.000000	7232.000000
-6412.000000	472.000000	5416.000000
-5048.000000	-1356.000000	3332.000000
-7092.000000	-4060.000000	4204.000000
-4768.000000	-3260.000000	5508.000000
-7348.000000	-5208.000000	7860.000000
-11040.000000	-5528.000000	10028.000000
-13832.000000	-3696.000000	14352.000000
-15264.000000	-3296.000000	16112.000000
-17400.000000	-4764.000000	18372.000000
-18716.000000	-6324.000000	20116.000000
-19356.000000	-7752.000000	21396.000000
-19372.000000	-6744.000000	21212.000000
-17784.000000	-6068.000000	19456.000000
-15944.000000	-5448.000000	19368.000000
-13792.000000	-4464.000000	20544.000000
-13096.000000	-4808.000000	17572.000000
-8932.000000	-2904.000000	18884.000000
-6972.000000	-3364.000000	18000.000000
-5880.000000	-4336.000000	16768.000000
-2072.000000	792.000000	17968.000000
-2376.000000	320.000000	14496.000000
-824.000000	2140.000000	7448.000000
-3632.000000	-1892.000000	3660.000000
-1068.000000	-2776.000000	4540.000000
-484.000000	-504.000000	2516.000000
-1668.000000	48.000000	2200.000000
560.000000	1296.000000	3692.000000
-1432.000000	1644.000000	3572.000000
-208.000000	576.000000	5840.000000
-608.000000	848.000000	3412.000000
-628.000000	1156.000000	4328.000000
496.000000	2648.000000	7172.000000
820.000000	2892.000000	10044.000000
1712.000000	1516.000000	16356.000000
1192.000000	-1464.000000	21560.000000
712.000000	-2348.000000	20884.000000
368.000000	-1760.000000	18100.000000
1520.000000	1124.000000	14388.000000
1644.000000	1112.000000	10380.000000
2124.000000	1428.000000	10100.000000
1828.000000	1048.000000	11492.000000
2092.000000	-508.000000	13616.000000
2076.000000	304.000000	15396.000000
1192.000000	724.000000	15800.000000
2016.000000	2072.000000	17428.000000
1748.000000	2644.000000	18904.000000
1844.000000	1964.000000	18924.000000
1916.000000	308.000000	17844.000000
2008.000000	-1184.000000	17068.000000
1780.000000	-996.000000	16008.000000
1668.000000	-356.000000	14652.000000
1368.000000	-1104.000000	13876.000000
1196.000000	-444.000000	14000.000000
1180.000000	-28.000000	14144.000000
1092.000000	380.000000	14348.000000
992.000000	552.000000	15740.000000
628.000000	1000.000000	16220.000000
1032.000000	792.000000	15260.000000
1476.000000	464.000000	15048.000000
1392.000000	-1536.000000	13884.000000
1880.000000	-1160.000000	13372.000000
1384.000000	-1124.000000	12180.000000
1548.000000	-756.000000	12996.000000
1168.000000	324.000000	13752.000000
1408.000000	884.000000	15872.000000
1304.000000	808.000000	15548.000000
1664.000000	460.000000	15652.000000
1596.000000	620.000000	15532.000000
1988.000000	700.000000	14704.000000
1844.000000	952.000000	14376.000000
1416.000000	472.000000	15340.000000
1904.000000	-304.000000	16184.000000
1548.000000	-52.000000	16316.000000
1916.000000	-692.000000	16284.000000
1448.000000	-424.000000	15308.000000
1148.000000	68.000000	13644.000000
1264.000000	720.000000	13288.000000
1432.000000	-4.000000	13968.000000
1304.000000	-196.000000	15032.000000
1164.000000	220.000000	15156.000000
1244.000000	172.000000	16156.000000
964.000000	760.000000	15184.000000
1180.000000	504.000000	15212.000000
860.000000	368.000000	14340.000000
1276.000000	-68.000000	15840.000000
1132.000000	248.000000	15904.000000
1284.000000	852.000000	16192.000000
1068.000000	736.000000	16444.000000
1132.000000	736.000000	15708.000000
1236.000000	84.000000	17252.000000
956.000000	-764.000000	16200.000000
1200.000000	-96.000000	15036.000000
828.000000	-388.000000	13748.000000
1344.000000	-420.000000	14144.000000
888.000000	264.000000	14140.000000
1176.000000	432.000000	14152.000000
1320.000000	700.000000	14456.000000
1372.000000	308.000000	15472.000000
1492.000000	688.000000	15492.000000
1144.000000	752.000000	14356.000000
1856.000000	600.000000	14784.000000
1468.000000	208.000000	14128.000000
1624.000000	400.000000	13740.000000
1628.000000	840.000000	14944.000000
1612.000000	592.000000	16748.000000
1792.000000	504.000000	16064.000000
1556.000000	1120.000000	14548.000000
1560.000000	1028.000000	15044.000000
1408.000000	204.000000	14360.000000
1540.000000	8.000000	15012.000000
1360.000000	-152.000000	13532.000000
1496.000000	-404.000000	14964.000000
1472.000000	-372.000000	15504.000000
1680.000000	-500.000000	15040.000000
1604.000000	180.000000	14400.000000
1836.000000	-32.000000	13568.000000
1920.000000	-308.000000	13868.000000
1732.000000	-120.000000	13996.000000
1792.000000	388.000000	14868.000000
1684.000000	416.000000	15036.000000
1640.000000	372.000000	15792.000000
1584.000000	-224.000000	15844.000000
1476.000000	300.000000	15120.000000
1400.000000	568.000000	15304.000000
1524.000000	652.000000	15500.000000
1520.000000	644.000000	15412.000000
1396.000000	756.000000	15328.000000
1204.000000	728.000000	15696.000000
1196.000000	780.000000	15268.000000
1224.000000	12.000000	14692.000000
1092.000000	-204.000000	14872.000000
1124.000000	176.000000	14560.000000
1220.000000	116.000000	14268.000000
1208.000000	32.000000	15016.000000
1344.000000	268.000000	14936.000000
1400.000000	152.000000	15324.000000
1408.000000	208.000000	15664.000000
1288.000000	416.000000	15512.000000
1508.000000	276.000000	15652.000000
1700.000000	456.000000	15032.000000
1728.000000	536.000000	14812.000000
1696.000000	156.000000	14820.000000
1792.000000	-148.000000	15320.000000
1844.000000	196.000000	15112.000000
1916.000000	448.000000	15820.000000
1644.000000	72.000000	15980.000000
1700.000000	-216.000000	15860.000000
1676.000000	380.000000	15084.000000
1424.000000	172.000000	14024.000000
1680.000000	-92.000000	13880.000000
1724.000000	-144.000000	14032.000000
1320.000000	-28.000000	14800.000000
1308.000000	368.000000	14768.000000
1356.000000	-172.000000	14768.000000
1400.000000	-84.000000	15064.000000
1424.000000	44.000000	14748.000000
1520.000000	24.000000	15228.000000
1432.000000	260.000000	15448.000000
1392.000000	300.000000	15344.000000
1356.000000	96.000000	14584.000000
1456.000000	156.000000	14176.000000
796.000000	-48.000000	13240.000000
1284.000000	8.000000	13176.000000
1072.000000	-536.000000	13268.000000
960.000000	936.000000	13328.000000
2164.000000	1092.000000	14440.000000
1196.000000	1672.000000	14932.000000
260.000000	796.000000	15656.000000
2060.000000	1272.000000	15124.000000
1820.000000	748.000000	14340.000000
1200.000000	672.000000	13980.000000
1264.000000	1304.000000	13916.000000
1964.000000	2132.000000	14636.000000
932.000000	1244.000000	14108.000000
732.000000	2248.000000	13540.000000
1500.000000	3560.000000	13768.000000
228.000000	896.000000	13116.000000
-1176.000000	1716.000000	11636.000000
-1848.000000	1088.000000	10180.000000
-2128.000000	592.000000	6756.000000
-712.000000	976.000000	2948.000000
420.000000	452.000000	-1756.000000
2016.000000	12.000000	-3024.000000
-592.000000	-5104.000000	-3288.000000
2432.000000	-716.000000	-2324.000000
3520.000000	204.000000	-1008.000000
3276.000000	108.000000	5620.000000
-2520.000000	128.000000	8848.000000
-2924.000000	-6576.000000	19124.000000
-14856.000000	-2316.000000	11632.000000
-19380.000000	-8212.000000	19776.000000
-25160.000000	-12592.000000	23184.000000
-32768.000000	-32768.000000	32767.000000
-32768.000000	-13984.000000	16004.000000
-7044.000000	4012.000000	13984.000000
-27576.000000	9572.000000	11140.000000
-22592.000000	12948.000000	11440.000000
-19972.000000	-5200.000000	5908.000000
-14532.000000	716.000000	10000.000000
-13084.000000	-5012.000000	7716.000000
-10528.000000	-112.000000	8544.000000
-17100.000000	-2836.000000	8828.000000
-16616.000000	-3940.000000	9604.000000
-16116.000000	-1924.000000	8780.000000
-15656.000000	-1396.000000	8188.000000
-14244.000000	-1008.000000	7488.000000
-13948.000000	-3624.000000	7584.000000
-12956.000000	-4584.000000	7332.000000
-13588.000000	-5216.000000	9084.000000
-13404.000000	-5828.000000	10212.000000
-14240.000000	-4656.000000	12184.000000
-16756.000000	-4892.000000	13572.000000
-16988.000000	-5576.000000	15456.000000
-18012.000000	-4864.000000	17220.000000
-16816.000000	-5380.000000	16628.000000
-13496.000000	-4924.000000	16568.000000
-10832.000000	-5408.000000	15608.000000
-8368.000000	-5588.000000	15308.000000
-6564.000000	-4404.000000	15872.000000
-3064.000000	-2660.000000	14440.000000
-2608.000000	-324.000000	11644.000000
-4524.000000	2160.000000	9240.000000
752.000000	36.000000	8272.000000
-132.000000	2596.000000	9192.000000
1676.000000	-3304.000000	12084.000000
-420.000000	-1284.000000	12996.000000
1076.000000	120.000000	11296.000000
-1848.000000	2216.000000	6300.000000
-1340.000000	2688.000000	3436.000000
-1156.000000	4268.000000	292.000000
1976.000000	1876.000000	2072.000000
784.000000	1652.000000	3104.000000
1548.000000	540.000000	6076.000000
1900.000000	1440.000000	9776.000000
2256.000000	2292.000000	12068.000000
2864.000000	3016.000000	12108.000000
2860.000000	1036.000000	16232.000000
2468.000000	1368.000000	19312.000000
2568.000000	1952.000000	18952.000000
3756.000000	1904.000000	14912.000000
4404.000000	1744.000000	13944.000000
4480.000000	1464.000000	13580.000000
4200.000000	588.000000	14612.000000
3804.000000	640.000000	14788.000000
4220.000000	1292.000000	16360.000000
3676.000000	540.000000	16328.000000
3212.000000	604.000000	15688.000000
2532.000000	612.000000	15536.000000
2264.000000	1448.000000	14708.000000
2028.000000	928.000000	13896.000000
1936.000000	-440.000000	12984.000000
1940.000000	-1544.000000	12372.000000
2088.000000	-1420.000000	12176.000000
2596.000000	-1388.000000	12456.000000
2528.000000	-1168.000000	12908.000000
2960.000000	-940.000000	15508.000000
3528.000000	-268.000000	16520.000000
2724.000000	848.000000	17152.000000
2276.000000	480.000000	16796.000000
2536.000000	576.000000	17716.000000
2536.000000	1192.000000	15740.000000
2544.000000	1704.000000	15184.000000
2444.000000	204.000000	16020.000000
2496.000000	1052.000000	14752.000000
2476.000000	1724.000000	14360.000000
2920.000000	1032.000000	14664.000000
2344.000000	820.000000	15016.000000
2996.000000	96.000000	16584.000000
2484.000000	72.000000	16352.000000
2524.000000	988.000000	17720.000000
2540.000000	1204.000000	16828.000000
2500.000000	596.000000	15688.000000
2780.000000	8.000000	14368.000000
2272.000000	-488.000000	12740.000000
2596.000000	-604.000000	12616.000000
2400.000000	-1160.000000	12332.000000
2668.000000	-592.000000	13420.000000
2444.000000	-420.000000	15568.000000
2416.000000	740.000000	16272.000000
2572.000000	896.000000	16368.000000
2572.000000	392.000000	15148.000000
2688.000000	-196.000000	14236.000000
2696.000000	32.000000	14036.000000
2616.000000	188.000000	13872.000000
2484.000000	-188.000000	14140.000000
2452.000000	-132.000000	15452.000000
2380.000000	416.000000	14872.000000
2420.000000	800.000000	14568.000000
2532.000000	172.000000	14972.000000
2192.000000	300.000000	15768.000000
2376.000000	884.000000	15972.000000
2416.000000	984.000000	15496.000000
2340.000000	148.000000	15548.000000
2400.000000	-236.000000	15100.000000
2556.000000	-112.000000	14396.000000
2512.000000	-484.000000	15116.000000
2412.000000	-252.000000	16444.000000
2564.000000	-92.000000	15572.000000
2388.000000	-380.000000	14608.000000
2436.000000	-816.000000	14064.000000
2328.000000	-472.000000	14628.000000
2408.000000	16.000000	14284.000000
2388.000000	168.000000	13828.000000
2448.000000	460.000000	14236.000000
2572.000000	788.000000	15028.000000
2592.000000	336.000000	14808.000000
2620.000000	-4.000000	15512.000000
2496.000000	300.000000	16668.000000
2388.000000	948.000000	15436.000000
2408.000000	688.000000	14416.000000
2220.000000	460.000000	13848.000000
2440.000000	340.000000	14384.000000
2328.000000	204.000000	16012.000000
2428.000000	484.000000	15776.000000
2340.000000	860.000000	15208.000000
2600.000000	100.000000	15404.000000
2408.000000	160.000000	16452.000000
2472.000000	836.000000	15456.000000
2592.000000	516.000000	13788.000000
2420.000000	120.000000	13824.000000
2400.000000	-468.000000	13908.000000
2480.000000	-296.000000	13376.000000
2640.000000	-144.000000	14036.000000
2500.000000	-224.000000	15088.000000
2464.000000	328.000000	15828.000000
2416.000000	728.000000	15568.000000
2548.000000	384.000000	15568.000000
2424.000000	724.000000	14432.000000
2304.000000	688.000000	13668.000000
2476.000000	312.000000	14044.000000
2524.000000	388.000000	14680.000000
2420.000000	664.000000	14784.000000
2680.000000	468.000000	14860.000000
2576.000000	-52.000000	17264.000000
2560.000000	496.000000	16832.000000
2560.000000	1040.000000	15112.000000
2608.000000	716.000000	14400.000000
2560.000000	-68.000000	13332.000000
2456.000000	-176.000000	13828.000000
2564.000000	-72.000000	15212.000000
2492.000000	240.000000	15632.000000
2464.000000	112.000000	15036.000000
2548.000000	532.000000	14760.000000
2464.000000	-388.000000	15268.000000
2448.000000	92.000000	14524.000000
2464.000000	780.000000	14028.000000
2508.000000	900.000000	15684.000000
2624.000000	592.000000	15772.000000
2492.000000	692.000000	15248.000000
2312.000000	628.000000	14548.000000
2672.000000	-60.000000	15032.000000
2644.000000	208.000000	14188.000000
2636.000000	348.000000	14428.000000
2632.000000	528.000000	15468.000000
2436.000000	596.000000	15244.000000
2504.000000	824.000000	14788.000000
2564.000000	108.000000	14320.000000
2444.000000	252.000000	14960.000000
2416.000000	584.000000	14328.000000
2628.000000	484.000000	14052.000000
2600.000000	-100.000000	14708.000000
2592.000000	148.000000	15900.000000
2648.000000	924.000000	15420.000000
2728.000000	1028.000000	14848.000000
2812.000000	496.000000	14868.000000
2808.000000	260.000000	15656.000000
2620.000000	700.000000	16432.000000
2692.000000	740.000000	15552.000000
2344.000000	192.000000	15368.000000
3152.000000	200.000000	15396.000000
2336.000000	472.000000	13784.000000
2704.000000	244.000000	13624.000000
2628.000000	196.000000	14828.000000
2808.000000	448.000000	15872.000000
2760.000000	712.000000	14968.000000
2756.000000	140.000000	14636.000000
3056.000000	240.000000	14772.000000
2928.000000	244.000000	14564.000000
2712.000000	-208.000000	13908.000000
2788.000000	372.000000	14980.000000
2852.000000	640.000000	15016.000000
2764.000000	212.000000	14792.000000
2840.000000	552.000000	14628.000000
2824.000000	548.000000	14244.000000
2712.000000	336.000000	14768.000000
2828.000000	576.000000	15004.000000
2912.000000	836.000000	14936.000000
2792.000000	904.000000	14884.000000
2776.000000	668.000000	14176.000000
2832.000000	492.000000	14352.000000
2748.000000	184.000000	15084.000000
2676.000000	248.000000	15580.000000
2904.000000	752.000000	14748.000000
2764.000000	1232.000000	15460.000000
3064.000000	636.000000	15484.000000
2836.000000	956.000000	14484.000000
2792.000000	916.000000	14592.000000
2688.000000	432.000000	14268.000000
2732.000000	940.000000	14832.000000
2704.000000	972.000000	14712.000000
2676.000000	348.000000	15696.000000
2504.000000	672.000000	15136.000000
2736.000000	792.000000	14872.000000
2680.000000	368.000000	15736.000000
2572.000000	380.000000	14920.000000
2612.000000	876.000000	14328.000000
2592.000000	856.000000	14492.000000
2508.000000	220.000000	15136.000000
2612.000000	652.000000	15428.000000
2580.000000	864.000000	15792.000000
2728.000000	728.000000	16116.000000
2680.000000	432.000000	14996.000000
2692.000000	172.000000	13944.000000
2676.000000	320.000000	13588.000000
2756.000000	36.000000	13652.000000
2780.000000	324.000000	15136.000000
2920.000000	652.000000	15792.000000
2896.000000	952.000000	15984.000000
2936.000000	1116.000000	15152.000000
2628.000000	648.000000	13976.000000
2800.000000	380.000000	13704.000000
2916.000000	556.000000	13644.000000
2936.000000	116.000000	15956.000000
2904.000000	312.000000	16092.000000
2836.000000	1092.000000	15152.000000
2760.000000	768.000000	14700.000000
2676.000000	480.000000	13704.000000
2764.000000	652.000000	13676.000000
2788.000000	860.000000	14836.000000
2688.000000	1252.000000	16000.000000
2648.000000	1556.000000	15360.000000
2744.000000	1168.000000	15164.000000
2712.000000	184.000000	15328.000000
2796.000000	16.000000	15492.000000
2684.000000	880.000000	14100.000000
2608.000000	472.000000	14216.000000
2760.000000	596.000000	15292.000000
2760.000000	368.000000	16644.000000
2644.000000	784.000000	15560.000000
2644.000000	936.000000	14564.000000
2720.000000	292.000000	13340.000000
2776.000000	136.000000	13804.000000
2740.000000	572.000000	14744.000000
2844.000000	944.000000	14964.000000
2820.000000	912.000000	15656.000000
2700.000000	1152.000000	15428.000000
2728.000000	1056.000000	14424.000000
2872.000000	932.000000	14504.000000
2784.000000	624.000000	15384.000000
2752.000000	1140.000000	14868.000000
2740.000000	1364.000000	15476.000000
2600.000000	1128.000000	15024.000000
2756.000000	824.000000	14872.000000
2564.000000	592.000000	14504.000000
2716.000000	344.000000	14432.000000
2756.000000	292.000000	14636.000000
2728.000000	736.000000	14596.000000
2900.000000	956.000000	15096.000000
3064.000000	536.000000	15244.000000
2840.000000	876.000000	14916.000000
2964.000000	1144.000000	14244.000000
2888.000000	632.000000	14668.000000
2968.000000	632.000000	14664.000000
3036.000000	904.000000	14380.000000
2952.000000	804.000000	15448.000000
2928.000000	900.000000	15184.000000
2972.000000	944.000000	14768.000000
2932.000000	448.000000	14348.000000
3060.000000	408.000000	14040.000000
2840.000000	724.000000	14744.000000
2740.000000	684.000000	15596.000000
2788.000000	788.000000	15152.000000
2756.000000	1100.000000	14800.000000
2724.000000	812.000000	14656.000000
2804.000000	568.000000	14836.000000
2716.000000	868.000000	14272.000000
2844.000000	1044.000000	14968.000000
2908.000000	748.000000	15788.000000
2816.000000	988.000000	15572.000000
2708.000000	944.000000	15516.000000
2672.000000	796.000000	15012.000000
2696.000000	732.000000	14956.000000
2540.000000	220.000000	15372.000000
2404.000000	528.000000	14920.000000
2620.000000	588.000000	14368.000000
2608.000000	904.000000	14204.000000
2360.000000	720.000000	13548.000000
3120.000000	1016.000000	14076.000000
3000.000000	1376.000000	14924.000000
2976.000000	1328.000000	15876.000000
3288.000000	1268.000000	15808.000000
2816.000000	2376.000000	14092.000000
3064.000000	1600.000000	12956.000000
2876.000000	508.000000	12288.000000
2832.000000	636.000000	12964.000000
2856.000000	832.000000	13940.000000
2776.000000	1760.000000	14752.000000
2888.000000	1692.000000	15580.000000
2460.000000	1636.000000	14080.000000
2960.000000	880.000000	14108.000000
2580.000000	944.000000	12844.000000
2916.000000	588.000000	14128.000000
2272.000000	1296.000000	13652.000000
2300.000000	756.000000	12332.000000
1796.000000	1188.000000	12104.000000
2000.000000	1704.000000	11708.000000
1204.000000	220.000000	11356.000000
620.000000	132.000000	10508.000000
-244.000000	1900.000000	10592.000000
444.000000	92.000000	11680.000000
-112.000000	1048.000000	10260.000000
-632.000000	2328.000000	8588.000000
324.000000	4872.000000	6804.000000
-1868.000000	1272.000000	4640.000000
-1352.000000	2912.000000	4428.000000
-388.000000	132.000000	3440.000000
200.000000	-844.000000	2440.000000
28.000000	-2256.000000	2420.000000
404.000000	-2292.000000	2628.000000
1868.000000	-3732.000000	984.000000
1436.000000	-3124.000000	908.000000
6296.000000	-6100.000000	5976.000000
-6820.000000	-8360.000000	9320.000000
-11180.000000	-6948.000000	15044.000000
-32584.000000	-32768.000000	32767.000000
-32768.000000	13812.000000	32767.000000
-32768.000000	5640.000000	-32728.000000
-28204.000000	5196.000000	1596.000000
-22828.000000	6264.000000	14520.000000
-30784.000000	1740.000000	15448.000000
-12656.000000	-20008.000000	8168.000000
-9728.000000	-4644.000000	9332.000000
-11540.000000	-4276.000000	5552.000000
-13188.000000	-3032.000000	1740.000000
-15052.000000	-3524.000000	2952.000000
-11836.000000	-2432.000000	4580.000000
-11320.000000	-3536.000000	6112.000000
-12156.000000	-4512.000000	6188.000000
-12232.000000	-6112.000000	7632.000000
-13568.000000	-8508.000000	7256.000000
-14932.000000	-7580.000000	7928.000000
-15340.000000	-6148.000000	6984.000000
-14664.000000	-5580.000000	7180.000000
-14044.000000	-4604.000000	6868.000000
-13768.000000	-6740.000000	7156.000000
-13872.000000	-4804.000000	6788.000000
-12512.000000	-4092.000000	8124.000000
-10948.000000	-3216.000000	7400.000000
-13824.000000	-4652.000000	10580.000000
-15728.000000	-6804.000000	13672.000000
-15788.000000	-6036.000000	12784.000000
-14588.000000	-3628.000000	12516.000000
-13524.000000	-564.000000	11872.000000
-11860.000000	84.000000	12616.000000
-9844.000000	-272.000000	12764.000000
-6184.000000	2348.000000	16052.000000
-5324.000000	860.000000	8396.000000
-3844.000000	-188.000000	13828.000000
-6212.000000	-2528.000000	16572.000000
-5116.000000	-5712.000000	15856.000000
-4904.000000	-5708.000000	11240.000000
-2624.000000	-1532.000000	10948.000000
-1664.000000	-964.000000	6744.000000
92.000000	-560.000000	6536.000000
-1412.000000	-1492.000000	4672.000000
-2292.000000	-692.000000	6728.000000
-2392.000000	-128.000000	11056.000000
-1504.000000	288.000000	12352.000000
-1544.000000	1348.000000	12256.000000
-1832.000000	1216.000000	13112.000000
-1808.000000	1588.000000	14248.000000
-1944.000000	936.000000	13216.000000
-1276.000000	92.000000	12104.000000
-1136.000000	-1024.000000	12780.000000
-1296.000000	-1252.000000	13084.000000
-764.000000	-96.000000	13284.000000
-348.000000	156.000000	13620.000000
-104.000000	-292.000000	13644.000000
112.000000	-928.000000	12800.000000
76.000000	-968.000000	14300.000000
248.000000	-644.000000	15956.000000
-60.000000	-908.000000	18416.000000
-244.000000	-484.000000	19720.000000
-252.000000	-652.000000	20012.000000
-340.000000	-28.000000	19844.000000
-352.000000	392.000000	18376.000000
-16.000000	244.000000	16900.000000
-256.000000	-172.000000	14740.000000
964.000000	-640.000000	13048.000000
716.000000	-1212.000000	11356.000000
488.000000	-1632.000000	11080.000000
820.000000	-708.000000	13584.000000
692.000000	-480.000000	15760.000000
472.000000	-392.000000	16848.000000
584.000000	-120.000000	16088.000000
1140.000000	536.000000	14232.000000
1132.000000	-24.000000	12344.000000
1256.000000	-572.000000	11112.000000
1712.000000	-652.000000	12164.000000
1384.000000	-468.000000	13828.000000
1508.000000	-28.000000	14556.000000
1188.000000	-1388.000000	15884.000000
1628.000000	-52.000000	16240.000000
1944.000000	628.000000	17164.000000
1892.000000	120.000000	16508.000000
1604.000000	212.000000	16204.000000
1896.000000	496.000000	14708.000000
1808.000000	104.000000	13704.000000
1620.000000	-584.000000	13684.000000
1532.000000	-276.000000	14216.000000
1700.000000	528.000000	13284.000000
1748.000000	-264.000000	13160.000000
1656.000000	-620.000000	14144.000000
1424.000000	-540.000000	17536.000000
1184.000000	292.000000	18076.000000
1320.000000	612.000000	16132.000000
1516.000000	-88.000000	15128.000000
1584.000000	-968.000000	14184.000000
1188.000000	-856.000000	14256.000000
1044.000000	-196.000000	12788.000000
1508.000000	28.000000	13160.000000
1220.000000	-212.000000	14168.000000
1080.000000	-268.000000	15096.000000
1316.000000	-152.000000	14728.000000
1432.000000	-152.000000	14340.000000
1284.000000	-472.000000	15712.000000
992.000000	-420.000000	15636.000000
1772.000000	-236.000000	15016.000000
1400.000000	-548.000000	15692.000000
1392.000000	-712.000000	16036.000000
1388.000000	-164.000000	14792.000000
1716.000000	464.000000	14680.000000
1380.000000	-20.000000	16396.000000
1468.000000	176.000000	15752.000000
1368.000000	216.000000	14568.000000
1460.000000	96.000000	14476.000000
1468.000000	-632.000000	14904.000000
1380.000000	-608.000000	14108.000000
1348.000000	-92.000000	14016.000000
1548.000000	480.000000	15276.000000
1576.000000	-92.000000	15488.000000
1504.000000	332.000000	14532.000000
1308.000000	224.000000	14544.000000
1356.000000	-344.000000	14512.000000
1448.000000	-708.000000	13920.000000
1088.000000	32.000000	13600.000000
1748.000000	28.000000	15732.000000
1156.000000	200.000000	16080.000000
1160.000000	136.000000	16444.000000
1148.000000	-32.000000	16500.000000
1064.000000	36.000000	15508.000000
1148.000000	-244.000000	14900.000000
1192.000000	-236.000000	13924.000000
1112.000000	-544.000000	14108.000000
980.000000	-440.000000	14484.000000
1180.000000	404.000000	15376.000000
956.000000	-208.000000	15144.000000
996.000000	-412.000000	15356.000000
1160.000000	-136.000000	16572.000000
904.000000	-628.000000	16336.000000
1008.000000	-556.000000	15800.000000
1296.000000	-360.000000	15664.000000
1328.000000	-300.000000	14344.000000
1208.000000	-316.000000	14572.000000
1032.000000	-520.000000	14364.000000
1192.000000	-4.000000	13916.000000
1196.000000	340.000000	14416.000000
1280.000000	116.000000	15240.000000
1068.000000	-452.000000	17028.000000
1160.000000	52.000000	15696.000000
1248.000000	404.000000	14672.000000
1224.000000	284.000000	14656.000000
1488.000000	-196.000000	15140.000000
1488.000000	-508.000000	14116.000000
1484.000000	-108.000000	13912.000000
1500.000000	-180.000000	14632.000000
1416.000000	-188.000000	14272.000000
1436.000000	32.000000	15268.000000
1400.000000	420.000000	15504.000000
1312.000000	212.000000	15468.000000
1296.000000	212.000000	15024.000000
1372.000000	424.000000	15628.000000
1380.000000	92.000000	15012.000000
1392.000000	244.000000	14124.000000
1248.000000	-120.000000	14488.000000
1204.000000	-8.000000	14160.000000
1220.000000	308.000000	13900.000000
1332.000000	216.000000	14672.000000
1400.000000	-40.000000	15640.000000
1352.000000	-88.000000	15892.000000
1344.000000	60.000000	15640.000000
1256.000000	216.000000	16208.000000
1232.000000	-60.000000	15948.000000
1168.000000	60.000000	15024.000000
1164.000000	176.000000	14656.000000
1192.000000	-284.000000	14884.000000
1300.000000	-424.000000	14512.000000
1340.000000	-96.000000	14300.000000
1356.000000	96.000000	14544.000000
1264.000000	-252.000000	16156.000000
1276.000000	144.000000	15536.000000
1212.000000	472.000000	14568.000000
1192.000000	-52.000000	14912.000000
1280.000000	-216.000000	15576.000000
1192.000000	-260.000000	14320.000000
1364.000000	36.000000	14976.000000
1112.000000	56.000000	16172.000000
1376.000000	64.000000	15400.000000
1336.000000	16.000000	15104.000000
1372.000000	-464.000000	15152.000000
1376.000000	-60.000000	14764.000000
1376.000000	-20.000000	14840.000000
1184.000000	224.000000	14960.000000
1208.000000	480.000000	14400.000000
1236.000000	428.000000	14344.000000
1448.000000	436.000000	14828.000000
1220.000000	104.000000	14920.000000
1420.000000	300.000000	15584.000000
1336.000000	-416.000000	16460.000000
1396.000000	228.000000	16132.000000
1384.000000	772.000000	15104.000000
1488.000000	256.000000	14472.000000
1380.000000	-44.000000	13808.000000
1364.000000	-104.000000	13856.000000
1524.000000	224.000000	14508.000000
1508.000000	160.000000	15092.000000
1348.000000	304.000000	15212.000000
1456.000000	224.000000	15048.000000
1516.000000	-104.000000	15420.000000
1528.000000	-392.000000	15644.000000
1560.000000	-112.000000	14920.000000
1508.000000	108.000000	14864.000000
1364.000000	36.000000	14736.000000
1432.000000	172.000000	14804.000000
1348.000000	76.000000	14796.000000
1432.000000	40.000000	14800.000000
1356.000000	252.000000	15144.000000
1436.000000	168.000000	15784.000000
1380.000000	380.000000	15508.000000
1480.000000	1052.000000	14880.000000
1296.000000	148.000000	14620.000000
1452.000000	272.000000	14876.000000
1508.000000	72.000000	14780.000000
1372.000000	332.000000	15256.000000
1300.000000	364.000000	16328.000000
1384.000000	288.000000	15380.000000
1576.000000	204.000000	14448.000000
1684.000000	-36.000000	14344.000000
1280.000000	-40.000000	14328.000000
1472.000000	456.000000	14156.000000
1632.000000	356.000000	14664.000000
1536.000000	272.000000	15572.000000
1552.000000	428.000000	15428.000000
1676.000000	480.000000	14928.000000
1732.000000	-160.000000	14484.000000
1584.000000	-412.000000	14768.000000
1720.000000	-24.000000	14764.000000
1740.000000	-196.000000	15212.000000
1516.000000	16.000000	15336.000000
1556.000000	704.000000	14712.000000
1500.000000	312.000000	14388.000000
1448.000000	220.000000	14696.000000
1448.000000	220.000000	15520.000000
1528.000000	420.000000	15008.000000
1392.000000	204.000000	15252.000000
1364.000000	192.000000	15292.000000
1384.000000	192.000000	14324.000000
1448.000000	232.000000	14448.000000
1360.000000	264.000000	14620.000000
1500.000000	592.000000	16004.000000
1376.000000	640.000000	15204.000000
1464.000000	424.000000	15200.000000
1332.000000	128.000000	15644.000000
1320.000000	364.000000	16012.000000
1196.000000	576.000000	14628.000000
1408.000000	404.000000	14252.000000
1388.000000	-324.000000	14544.000000
1440.000000	-84.000000	15572.000000
1364.000000	344.000000	15232.000000
1304.000000	416.000000	15536.000000
1460.000000	184.000000	14996.000000
1464.000000	184.000000	14652.000000
1596.000000	188.000000	14328.000000
1460.000000	228.000000	14596.000000
1504.000000	464.000000	15480.000000
1460.000000	388.000000	15604.000000
1760.000000	240.000000	14836.000000
1540.000000	160.000000	14440.000000
1480.000000	-344.000000	14020.000000
1460.000000	-336.000000	14024.000000
1300.000000	-72.000000	14576.000000
1332.000000	536.000000	15420.000000
1228.000000	876.000000	15184.000000
1128.000000	628.000000	15056.000000
1308.000000	448.000000	14744.000000
1408.000000	644.000000	14912.000000
1224.000000	160.000000	14908.000000
1172.000000	356.000000	15180.000000
1112.000000	328.000000	14972.000000
1028.000000	20.000000	14920.000000
1124.000000	16.000000	14544.000000
1228.000000	640.000000	14556.000000
1352.000000	8.000000	14620.000000
1228.000000	240.000000	14712.000000
1120.000000	-16.000000	14312.000000
1244.000000	-52.000000	14928.000000
1412.000000	-224.000000	14640.000000
1528.000000	-396.000000	15492.000000
1200.000000	-484.000000	15640.000000
1164.000000	84.000000	15648.000000
1060.000000	52.000000	17004.000000
1056.000000	-336.000000	16336.000000
956.000000	300.000000	15968.000000
656.000000	696.000000	15828.000000
784.000000	468.000000	16728.000000
772.000000	496.000000	15728.000000
836.000000	32.000000	15484.000000
928.000000	-356.000000	15520.000000
988.000000	432.000000	14720.000000
1008.000000	772.000000	14204.000000
844.000000	344.000000	14184.000000
928.000000	324.000000	14328.000000
768.000000	532.000000	14180.000000
796.000000	488.000000	14568.000000
1040.000000	400.000000	15148.000000
1184.000000	-84.000000	15136.000000
1072.000000	-264.000000	15160.000000
1208.000000	-208.000000	14612.000000
1292.000000	-244.000000	14668.000000
1316.000000	-432.000000	15340.000000
1524.000000	-512.000000	15752.000000
1272.000000	-300.000000	15748.000000
1356.000000	192.000000	15472.000000
1236.000000	104.000000	15820.000000
1096.000000	-164.000000	15468.000000
1452.000000	-384.000000	15016.000000
1236.000000	-652.000000	14504.000000
1344.000000	-836.000000	14292.000000
1276.000000	-728.000000	14348.000000
1268.000000	-1064.000000	14424.000000
1160.000000	-1400.000000	14644.000000
1256.000000	-1012.000000	14972.000000
1308.000000	-600.000000	15496.000000
1168.000000	-420.000000	15280.000000
1256.000000	-68.000000	14760.000000
1332.000000	864.000000	14248.000000
1212.000000	120.000000	13036.000000
1284.000000	256.000000	14588.000000
372.000000	1068.000000	15204.000000
712.000000	1068.000000	15548.000000
1012.000000	1176.000000	15736.000000
1232.000000	1400.000000	16436.000000
1324.000000	576.000000	15720.000000
908.000000	308.000000	14936.000000
1420.000000	592.000000	14708.000000
1404.000000	1160.000000	14236.000000
1288.000000	864.000000	15232.000000
1092.000000	1064.000000	14900.000000
1232.000000	796.000000	15140.000000
1404.000000	996.000000	15296.000000
1400.000000	988.000000	14600.000000
1256.000000	432.000000	15064.000000
1240.000000	-152.000000	15312.000000
1116.000000	96.000000	14968.000000
1052.000000	112.000000	15116.000000
1332.000000	-496.000000	15156.000000
1224.000000	-872.000000	14984.000000
1092.000000	-660.000000	15056.000000
1324.000000	-132.000000	14832.000000
1248.000000	-292.000000	14368.000000
1292.000000	-488.000000	14364.000000
1256.000000	-400.000000	14828.000000
1300.000000	-100.000000	15528.000000
1140.000000	356.000000	15888.000000
1328.000000	516.000000	16208.000000
1180.000000	332.000000	15804.000000
1132.000000	24.000000	15252.000000
1612.000000	988.000000	14868.000000
1664.000000	-420.000000	13848.000000
1652.000000	616.000000	14676.000000
1072.000000	-100.000000	14336.000000
996.000000	-532.000000	15380.000000
1292.000000	-428.000000	14744.000000
1448.000000	232.000000	15376.000000
1532.000000	-88.000000	14876.000000
1328.000000	-840.000000	14192.000000
1608.000000	-144.000000	14636.000000
1532.000000	-416.000000	15072.000000
1688.000000	-320.000000	14792.000000
1340.000000	-20.000000	14876.000000
1700.000000	-380.000000	14444.000000
1644.000000	-712.000000	14648.000000
1692.000000	-432.000000	15160.000000
1740.000000	-256.000000	15228.000000
1548.000000	-172.000000	14488.000000
1780.000000	60.000000	14172.000000
1884.000000	-72.000000	14020.000000
2016.000000	-720.000000	14140.000000
1960.000000	-476.000000	14984.000000
1772.000000	-72.000000	16420.000000
1248.000000	60.000000	16580.000000
1696.000000	1564.000000	16132.000000
1464.000000	1328.000000	15200.000000
1556.000000	672.000000	15100.000000
1684.000000	464.000000	14700.000000
1620.000000	192.000000	14480.000000
1312.000000	488.000000	14904.000000
1228.000000	520.000000	14504.000000
1252.000000	920.000000	14068.000000
1532.000000	572.000000	13968.000000
1168.000000	240.000000	14060.000000
1172.000000	576.000000	14396.000000
956.000000	1168.000000	14520.000000
1100.000000	660.000000	15040.000000
976.000000	896.000000	15044.000000
716.000000	1360.000000	15556.000000
884.000000	1220.000000	15756.000000
832.000000	1144.000000	15488.000000
1008.000000	1224.000000	15436.000000
1092.000000	628.000000	15212.000000
800.000000	788.000000	15796.000000
808.000000	1024.000000	15264.000000
1268.000000	448.000000	15236.000000
812.000000	820.000000	14404.000000
1212.000000	784.000000	14856.000000
1040.000000	44.000000	15864.000000
916.000000	-256.000000	14836.000000
956.000000	800.000000	14528.000000
1100.000000	1144.000000	14188.000000
904.000000	540.000000	13356.000000
712.000000	216.000000	14912.000000
348.000000	-220.000000	16280.000000
344.000000	-808.000000	16384.000000
508.000000	56.000000	16156.000000
184.000000	-192.000000	15888.000000
416.000000	-544.000000	15996.000000
588.000000	-920.000000	15844.000000
448.000000	-376.000000	16304.000000
404.000000	100.000000	15636.000000
748.000000	160.000000	14648.000000
584.000000	320.000000	14376.000000
676.000000	0.000000	14864.000000
640.000000	68.000000	15548.000000
796.000000	224.000000	16092.000000
892.000000	692.000000	15796.000000
800.000000	596.000000	15840.000000
988.000000	64.000000	15212.000000
816.000000	-380.000000	14960.000000
1064.000000	292.000000	14744.000000
920.000000	924.000000	13692.000000
1040.000000	860.000000	13260.000000
1056.000000	672.000000	13564.000000
1200.000000	840.000000	14664.000000
1232.000000	860.000000	15056.000000
904.000000	700.000000	15144.000000
1004.000000	1608.000000	15688.000000
1144.000000	924.000000	15004.000000
1356.000000	800.000000	14344.000000
1392.000000	576.000000	13876.000000
1244.000000	856.000000	14360.000000
1056.000000	712.000000	15060.000000
1044.000000	904.000000	14692.000000
1028.000000	848.000000	14764.000000
916.000000	272.000000	14672.000000
908.000000	0.000000	14532.000000
920.000000	280.000000	14972.000000
900.000000	-312.000000	15848.000000
908.000000	-24.000000	15292.000000
820.000000	852.000000	14636.000000
876.000000	1220.000000	13928.000000
740.000000	1044.000000	13752.000000
724.000000	824.000000	14340.000000
520.000000	492.000000	15024.000000
352.000000	944.000000	16144.000000
836.000000	1648.000000	17520.000000
112.000000	1224.000000	17304.000000
224.000000	1184.000000	15812.000000
196.000000	1388.000000	15116.000000
488.000000	812.000000	14016.000000
380.000000	308.000000	14332.000000
468.000000	576.000000	14472.000000
16.000000	956.000000	14860.000000
44.000000	972.000000	15176.000000
116.000000	928.000000	15608.000000
20.000000	1492.000000	15480.000000
160.000000	1240.000000	15172.000000
180.000000	1316.000000	15192.000000
232.000000	1164.000000	15044.000000
380.000000	676.000000	14996.000000
448.000000	392.000000	14844.000000
268.000000	472.000000	15596.000000
196.000000	828.000000	15048.000000
76.000000	1264.000000	15168.000000
116.000000	1088.000000	14900.000000
212.000000	636.000000	15520.000000
304.000000	716.000000	15728.000000
408.000000	1416.000000	15560.000000
616.000000	1064.000000	14644.000000
644.000000	1144.000000	14192.000000
672.000000	904.000000	13768.000000
624.000000	716.000000	13980.000000
364.000000	524.000000	14504.000000
364.000000	884.000000	15540.000000
240.000000	788.000000	15236.000000
380.000000	1008.000000	15508.000000
296.000000	628.000000	14804.000000
424.000000	640.000000	14932.000000
232.000000	508.000000	14780.000000
92.000000	668.000000	14872.000000
140.000000	428.000000	15028.000000
172.000000	556.000000	14740.000000
268.000000	552.000000	14916.000000
156.000000	828.000000	15500.000000
92.000000	1212.000000	15472.000000
144.000000	1200.000000	15540.000000
168.000000	1112.000000	14876.000000
348.000000	1252.000000	14708.000000
424.000000	784.000000	14504.000000
376.000000	608.000000	14444.000000
