0.230957	-0.960449	-0.281250	16.061069	-5.267176	-10.839695	0.007784
0.298828	-1.006348	-0.290771	15.519084	0.938931	-11.374046	0.015011
0.306152	-0.998779	-0.314697	13.488550	8.251908	-12.786260	0.022350
0.291748	-0.997070	-0.312500	11.587786	11.954198	-13.992366	0.029748
0.278809	-0.989990	-0.298584	9.770992	13.259542	-14.007634	0.036941
0.291260	-0.990723	-0.276367	13.389313	12.580153	-12.625954	0.044089
0.297363	-0.974365	-0.266357	14.465649	10.534351	-13.671756	0.051262
0.301514	-0.978516	-0.239258	14.053435	10.145038	-11.152672	0.058398
0.298340	-0.976807	-0.231201	12.458015	9.267176	-12.503817	0.065527
0.301758	-1.002197	-0.215576	10.641221	8.053435	-14.786260	0.072696
0.278564	-1.009277	-0.198486	9.862595	6.389313	-16.045802	0.080010
0.253906	-1.021484	-0.196289	10.091603	3.312977	-16.938931	0.087284
0.241943	-1.032959	-0.241211	10.641221	-0.030534	-17.526718	0.094431
0.248291	-1.052734	-0.264404	11.099237	-1.564885	-17.709924	0.101582
0.253174	-1.041260	-0.284912	11.145038	-0.984733	-17.412214	0.108799
0.280029	-0.999023	-0.322510	9.129771	-1.099237	-18.389313	0.115980
0.314453	-0.952148	-0.341797	6.755725	2.541985	-18.129771	0.123112
0.312988	-0.943848	-0.368896	3.984733	6.763359	-17.160305	0.130313
0.312744	-0.970215	-0.344727	0.801527	9.175573	-18.419847	0.137491
0.309814	-0.970215	-0.329346	-0.992366	13.167939	-17.770992	0.144629
0.262207	-0.942139	-0.299316	-1.938931	15.801527	-17.862595	0.151849
0.222900	-0.928223	-0.277344	-2.732824	11.763359	-16.076336	0.159048
0.196533	-0.915527	-0.259521	-0.832061	15.442748	-13.778626	0.166264
0.181152	-0.926758	-0.234375	0.557252	12.648855	-11.793893	0.173416
0.157959	-0.922363	-0.227539	1.328244	8.587786	-11.022901	0.180623
0.169189	-0.895508	-0.219238	2.007634	3.412214	-11.083969	0.187843
0.189697	-0.895508	-0.225098	3.862595	-1.763359	-9.381679	0.195017
0.168701	-0.867432	-0.208252	4.206107	-7.297710	-7.839695	0.202221
0.186035	-0.858154	-0.191895	3.458015	-16.557252	-8.961832	0.209418
0.220459	-0.878906	-0.183350	4.381679	-22.366412	-7.954198	0.216601
0.252930	-0.883057	-0.173584	4.526718	-26.954198	-7.488550	0.223718
0.293213	-0.871582	-0.198486	4.633588	-26.381679	-5.900763	0.230908
0.329346	-0.864746	-0.211670	5.175573	-22.717557	-4.290076	0.238082
0.304932	-0.855225	-0.281494	6.679389	-15.465649	-1.480916	0.245211
0.303711	-0.830078	-0.331543	3.832061	-6.931298	0.152672	0.252358
0.314209	-0.808838	-0.524658	0.824427	1.740458	2.793893	0.259518
0.420410	-0.770996	-0.504883	-7.091603	3.129771	2.076336	0.266714
0.697266	-0.842285	-0.062012	-8.229008	12.641221	2.732824	0.273834
0.827637	-0.888916	-0.296387	-5.618321	27.282443	4.404580	0.281023
0.429688	-1.032959	-0.047363	-9.839695	32.320611	1.839695	0.288209
0.501709	-0.920898	-0.110352	-0.259542	38.671756	4.015267	0.295409
0.416504	-0.975586	-0.163330	-3.251908	30.793893	3.610687	0.302579
0.417236	-0.978760	-0.132324	-0.328244	41.122137	10.938931	0.309724
0.395752	-0.931885	-0.061768	1.068702	43.267176	11.160305	0.316895
0.328857	-0.951172	-0.059814	0.519084	39.770992	8.549618	0.324039
0.309814	-0.936279	-0.035400	-2.061069	33.526718	1.656489	0.331221
0.293213	-0.937500	-0.034912	-6.068702	29.778626	-4.641221	0.338384
0.262207	-0.960205	-0.013672	-8.022901	25.992366	-7.549618	0.345510
0.404541	-1.098145	0.010986	-14.450382	5.709924	-31.908397	0.352657
0.012451	-0.858643	-0.025635	-18.427481	-6.206107	-10.404580	0.359808
0.288330	-1.115723	0.009277	19.015267	10.442748	17.351145	0.366962
0.323486	-0.776855	-0.093750	-0.664122	-2.641221	8.984733	0.374086
0.332764	-0.895020	-0.116699	-3.900763	-13.694656	4.870229	0.381246
0.345215	-0.951416	-0.110840	-1.412214	0.129771	12.343511	0.388376
0.357666	-0.906250	-0.148193	-5.221374	-19.396947	12.259542	0.395541
0.410645	-0.908936	-0.166504	-5.206107	-4.366412	13.297710	0.402729
0.407471	-0.911133	-0.191406	-9.923664	-0.770992	8.847328	0.409891
0.383301	-0.981201	-0.229248	-12.503817	-0.435115	8.740458	0.417067
0.343018	-1.036133	-0.265381	-10.595420	-5.183206	11.511450	0.424205
0.326416	-1.081299	-0.272949	-10.900763	-7.519084	10.389313	0.431378
0.281006	-1.070312	-0.287354	-12.305344	-7.259542	8.541985	0.438996
0.229736	-1.057617	-0.287354	-13.992366	-6.702290	7.511450	0.446860
0.225342	-1.029541	-0.284424	-14.213740	-10.541985	8.534351	0.455104
0.252686	-1.003418	-0.266846	-14.343511	-13.221374	9.816794	0.462307
0.301025	-0.988037	-0.221436	-14.923664	-13.412214	9.450382	0.469494
0.299805	-0.972168	-0.184570	-16.259542	-14.152672	7.351145	0.476653
0.306396	-0.935547	-0.168213	-16.549618	-15.595420	5.839695	0.483793
0.299561	-0.939697	-0.200439	-15.267176	-18.877863	7.267176	0.490980
0.299561	-0.950195	-0.233643	-13.305344	-18.450382	7.419847	0.498268
0.312012	-0.951172	-0.278809	-17.183206	-16.931298	5.793893	0.505400
0.276367	-1.002441	-0.279541	-16.366412	-12.061069	5.473282	0.512592
0.257080	-0.954834	-0.290527	-19.465649	-12.740458	1.824427	0.519760
0.261963	-0.995117	-0.296143	-16.870229	-12.526718	0.893130	0.526978
0.226318	-0.986084	-0.293945	-14.480916	-15.007634	0.358779	0.534141
0.256348	-0.950439	-0.311523	-14.091603	-18.244275	0.022901	0.541328
0.315186	-0.951660	-0.290771	-11.862595	-18.717557	-0.786260	0.548530
0.309814	-0.972656	-0.286133	-11.656489	-17.862595	-1.580153	0.555667
0.348389	-0.964355	-0.302002	-11.923664	-17.213740	-2.839695	0.562833
0.309814	-0.964355	-0.281738	-12.572519	-14.320611	-5.610687	0.569992
0.304443	-0.984619	-0.291992	-11.450382	-13.267176	-4.633588	0.577341
0.302490	-0.987305	-0.297363	-9.900763	-12.648855	-3.274809	0.584483
0.307129	-0.973389	-0.288330	-8.809160	-10.603053	-4.503817	0.591639
0.287109	-0.994873	-0.270264	-6.778626	-6.488550	-3.450382	0.598839
0.284912	-0.979248	-0.286133	-6.748092	-4.335878	-5.114504	0.606008
0.275391	-0.993164	-0.303955	-3.328244	1.580153	-3.984733	0.613153
0.296631	-0.984619	-0.318359	-3.755725	3.198473	-5.267176	0.620314
0.295166	-0.972168	-0.319336	-3.267176	4.404580	-6.419847	0.627509
0.298096	-0.979736	-0.309082	-2.106870	7.030534	-6.877863	0.634634
0.256592	-0.995850	-0.273926	0.320611	6.648855	-6.870229	0.641870
0.282715	-0.964355	-0.290527	0.541985	8.793893	-6.938931	0.649037
0.299072	-0.960205	-0.271973	2.335878	8.480916	-4.923664	0.656186
0.311035	-0.965576	-0.281006	2.297710	10.099237	-6.251908	0.663304
0.319580	-0.982178	-0.280273	2.534351	6.473282	-6.519084	0.670498
0.321533	-0.971924	-0.284180	2.030534	4.496183	-5.671756	0.677693
0.316406	-0.966553	-0.275879	2.206107	0.694656	-6.259542	0.684839
0.338867	-0.976562	-0.278564	4.610687	-0.885496	-4.374046	0.692034
0.312500	-0.972412	-0.264893	5.030534	-2.129771	-4.053435	0.699198
0.314209	-0.969727	-0.280762	5.923664	-0.175573	-2.854962	0.706472
0.323242	-0.950928	-0.274902	6.358779	1.442748	-2.190840	0.713600
0.328125	-0.947021	-0.263672	5.854962	2.938931	-2.641221	0.720773
0.325928	-0.939697	-0.269775	5.007634	5.305344	-2.389313	0.727921
0.317871	-0.938232	-0.229492	4.198473	4.320611	-2.221374	0.735048
0.317627	-0.949951	-0.223877	4.053435	3.312977	-1.694656	0.742214
0.312988	-0.966309	-0.239502	3.938931	0.137405	-1.671756	0.749418
0.320068	-0.982666	-0.253906	4.564885	1.557252	-0.022901	0.756574
0.326660	-0.955566	-0.248779	3.709924	-1.145038	-0.427481	0.763706
0.349609	-0.945801	-0.249512	3.503817	0.129771	2.045802	0.770825
0.358154	-0.958740	-0.245850	2.786260	-1.312977	1.488550	0.778011
0.348145	-0.943848	-0.252930	1.358779	0.030534	1.099237	0.785135
0.343506	-0.957275	-0.247314	0.755725	1.129771	2.259542	0.792345
0.331055	-0.987305	-0.247559	0.198473	0.465649	2.366412	0.799485
0.324951	-0.962402	-0.252930	0.671756	-1.000000	2.816794	0.806737
0.300293	-0.968994	-0.248779	0.900763	-1.435115	3.664122	0.813860
0.307617	-0.967773	-0.240479	0.969466	-1.893130	4.343511	0.821013
0.296143	-0.968262	-0.246094	0.702290	-1.946565	4.122137	0.828203
0.293701	-0.951172	-0.248291	0.297710	-2.473282	3.641221	0.835325
0.318848	-0.944336	-0.245850	0.167939	-3.740458	3.488550	0.842522
0.315674	-0.946289	-0.239746	0.076336	-4.854962	3.664122	0.849716
0.329834	-0.958984	-0.232666	-0.480916	-4.809160	4.488550	0.856880
0.348145	-0.964111	-0.239502	-1.091603	-4.106870	4.984733	0.863993
0.359131	-0.969727	-0.242676	-2.320611	-3.221374	5.053435	0.871375
0.354492	-0.968994	-0.249268	-3.122137	-2.732824	4.625954	0.878557
0.343994	-0.976807	-0.263184	-3.572519	-2.068702	5.671756	0.886018
0.341309	-0.968994	-0.247070	-3.129771	-0.549618	8.145038	0.893188
0.308105	-0.954834	-0.223389	-3.488550	0.778626	10.450382	0.900476
0.309082	-0.954834	-0.218506	-4.290076	4.381679	12.786260	0.907774
0.299561	-0.981201	-0.211914	-5.297710	5.251908	13.198473	0.914928
0.296387	-0.963623	-0.248291	-6.534351	5.931298	11.664122	0.922141
0.280762	-0.970215	-0.244385	-8.274809	3.618321	10.297710	0.929359
0.292725	-0.956299	-0.243164	-8.137405	0.977099	10.923664	0.936512
0.317139	-0.958740	-0.247803	-8.183206	-1.694656	10.786260	0.943628
0.294678	-0.959229	-0.233887	-8.282443	-3.068702	10.389313	0.950825
0.298340	-0.971191	-0.225830	-8.122137	-2.213740	9.816794	0.958004
0.322021	-0.958252	-0.227051	-8.083969	0.328244	9.480916	0.965146
0.308838	-0.964355	-0.240234	-7.312977	1.969466	9.725191	0.972342
0.302734	-0.958740	-0.252930	-5.946565	9.061069	11.847328	0.979501
0.302490	-0.956299	-0.267578	-4.870229	12.442748	13.328244	0.986650
0.292969	-0.968262	-0.284424	-4.053435	15.076336	13.938931	0.993797
0.291260	-0.950684	-0.288574	-3.610687	16.160305	13.419847	1.000995
0.264160	-0.962158	-0.275391	-2.961832	16.763359	13.671756	1.008214
0.264160	-0.967529	-0.275635	-2.221374	15.633588	12.328244	1.015333
0.263184	-0.971924	-0.292236	-2.259542	13.076336	11.099237	1.022581
0.261475	-0.965576	-0.280518	-1.396947	9.534351	9.068702	1.029738
0.260254	-0.975830	-0.261475	-0.458015	5.694656	8.045802	1.036894
0.258545	-0.976318	-0.257324	0.038168	3.748092	6.641221	1.044027
0.238281	-0.977783	-0.244873	0.801527	4.297710	6.091603	1.051244
0.224854	-0.973389	-0.229736	0.267176	5.183206	5.641221	1.058391
0.261719	-0.978516	-0.251465	-0.167939	5.648855	5.496183	1.065521
0.270996	-0.980225	-0.249756	0.030534	5.465649	5.320611	1.072678
0.270020	-0.977539	-0.268799	0.541985	3.969466	4.671756	1.079992
0.263184	-0.977539	-0.262207	0.335878	2.328244	4.206107	1.087182
0.276855	-0.968994	-0.254639	0.152672	1.702290	4.145038	1.094302
0.280762	-0.964600	-0.257812	-0.404580	0.900763	2.839695	1.101488
0.290527	-0.965820	-0.241943	0.061069	2.312977	3.312977	1.108693
0.280029	-0.965576	-0.236816	-0.458015	2.404580	2.412214	1.115987
0.274414	-0.965088	-0.226807	-1.007634	4.160305	1.885496	1.123113
0.250244	-0.963867	-0.221191	-1.343511	6.664122	3.312977	1.130309
0.254395	-0.980225	-0.210938	-1.587786	7.274809	4.549618	1.137459
0.256348	-0.963867	-0.235107	-1.793893	7.030534	4.511450	1.144590
0.259277	-0.971436	-0.231689	-1.916031	5.916031	4.404580	1.151774
0.271729	-0.969238	-0.232178	-2.419847	4.007634	4.534351	1.158945
0.267578	-0.952881	-0.238281	-2.854962	2.244275	3.450382	1.166196
0.271484	-0.957031	-0.237793	-2.610687	0.625954	3.259542	1.173338
0.274658	-0.960693	-0.249023	-2.343511	-0.412214	2.580153	1.180522
0.262939	-0.964600	-0.246826	-2.687023	-0.343511	2.213740	1.187679
0.267578	-0.961426	-0.235107	-2.580153	1.030534	2.480916	1.194799
0.279297	-0.961670	-0.247559	-3.106870	2.450382	2.106870	1.201961
0.272217	-0.972412	-0.244629	-2.908397	3.450382	2.183206	1.209124
0.269287	-0.970215	-0.243652	-3.038168	4.213740	2.076336	1.216349
0.272217	-0.962891	-0.239990	-3.053435	4.435115	1.748092	1.223468
0.254883	-0.969971	-0.237549	-3.106870	3.305344	1.572519	1.230663
0.255127	-0.964844	-0.241455	-2.885496	2.534351	1.045802	1.237835
0.242188	-0.970703	-0.241699	-2.511450	2.877863	0.648855	1.244954
0.245117	-0.972900	-0.240723	-2.694656	3.236641	0.664122	1.252108
0.271484	-0.971680	-0.235596	-3.190840	2.190840	-0.007634	1.259284
0.284912	-0.967773	-0.239014	-3.007634	2.061069	0.076336	1.266467
0.281738	-0.968262	-0.232910	-2.984733	1.809160	-0.030534	1.273586
0.266357	-0.973389	-0.227051	-2.832061	1.167939	0.152672	1.280758
0.264893	-0.969727	-0.228271	-2.725191	1.045802	0.129771	1.287920
0.265625	-0.970947	-0.246826	-3.099237	0.000000	0.297710	1.295050
0.273438	-0.974854	-0.246826	-3.419847	2.496183	-0.190840	1.302228
0.267334	-0.979248	-0.237793	-3.427481	2.923664	-0.343511	1.309608
0.261963	-0.976074	-0.237549	-3.305344	2.328244	-0.603053	1.316902
0.251709	-0.969971	-0.240234	-2.748092	2.145038	-0.267176	1.324218
0.255127	-0.960205	-0.244385	-3.412214	1.389313	-1.022901	1.331509
0.268311	-0.971436	-0.241455	-3.450382	0.717557	-0.961832	1.338711
0.272705	-0.965332	-0.248047	-3.541985	-0.198473	-1.641221	1.345922
0.278076	-0.963867	-0.243164	-3.610687	-0.847328	-1.206107	1.353056
0.266846	-0.965820	-0.242432	-3.961832	-0.656489	-1.053435	1.360210
0.273438	-0.969971	-0.246826	-4.305344	-0.396947	-0.847328	1.367357
0.281006	-0.968262	-0.235352	-4.709924	0.160305	-0.503817	1.374493
0.283691	-0.962158	-0.227051	-5.183206	0.572519	-0.435115	1.381644
0.271729	-0.965088	-0.236572	-5.435115	0.832061	-0.351145	1.388842
0.262451	-0.967041	-0.234131	-5.335878	0.679389	-0.480916	1.396005
0.274414	-0.972900	-0.249756	-5.641221	0.496183	-0.282443	1.403140
0.267578	-0.964600	-0.252441	-5.312977	0.106870	-0.625954	1.410334
0.272705	-0.974121	-0.248535	-4.961832	-0.229008	-0.282443	1.417559
0.272949	-0.969727	-0.253662	-4.923664	-0.351145	-0.267176	1.424701
0.281006	-0.973633	-0.246826	-4.740458	-0.045802	-0.305344	1.431858
0.265625	-0.969971	-0.245850	-4.694656	0.396947	-0.687023	1.439023
0.266113	-0.974854	-0.245361	-4.595420	0.877863	-1.083969	1.446172
0.268311	-0.972168	-0.259521	-4.374046	1.259542	-1.305344	1.453291
0.262451	-0.974365	-0.236816	-4.320611	0.931298	-1.679389	1.460464
0.270508	-0.969482	-0.247803	-3.511450	0.381679	-2.175573	1.467598
0.262695	-0.979980	-0.250244	-3.022901	0.152672	-2.557252	1.474725
0.257324	-0.974121	-0.251465	-2.595420	-0.061069	-2.366412	1.481855
0.253174	-0.968994	-0.249756	-3.297710	-0.847328	-3.427481	1.489032
0.282471	-0.971924	-0.253174	-2.557252	-0.694656	-3.190840	1.496175
0.283691	-0.960938	-0.253662	-2.206107	-0.893130	-2.969466	1.503306
0.284180	-0.960693	-0.258057	-2.564885	-0.740458	-3.160305	1.510488
0.280273	-0.965576	-0.245117	-1.633588	1.259542	-2.496183	1.517662
0.277344	-0.968506	-0.246582	-2.931298	1.152672	-4.435115	1.524897
0.261719	-0.999512	-0.245850	-1.839695	1.419847	-3.190840	1.532104
0.264404	-0.958740	-0.257080	-3.412214	0.732824	-5.129771	1.539296
0.273682	-0.976074	-0.253906	-2.969466	-0.053435	-5.015267	1.546482
0.252197	-0.976074	-0.239014	-3.068702	-2.206107	-6.580153	1.553617
0.261719	-0.995117	-0.244141	-1.656489	-3.480916	-5.206107	1.560777
0.250732	-0.967529	-0.260254	-2.770992	-4.519084	-7.503817	1.567923
0.278320	-0.960938	-0.254639	-3.236641	-5.687023	-7.839695	1.575036
0.277588	-0.975830	-0.249023	-3.534351	-6.381679	-8.786260	1.582370
0.287354	-0.973389	-0.259033	-2.083969	-4.938931	-5.946565	1.589561
0.279297	-0.961914	-0.246826	-2.931298	-6.679389	-8.145038	1.596728
0.292725	-0.954102	-0.244141	-2.793893	-4.778626	-6.877863	1.603866
0.300049	-0.968994	-0.244385	-2.725191	-3.358779	-6.778626	1.611012
0.305664	-0.952637	-0.254639	-2.908397	-2.389313	-6.358779	1.618174
0.311035	-0.955078	-0.273682	-3.030534	-1.282443	-5.687023	1.625392
0.284424	-0.948975	-0.241699	-3.328244	-0.305344	-5.618321	1.632568
0.289795	-0.955566	-0.239746	-3.358779	0.862595	-4.610687	1.639717
0.288818	-0.967529	-0.226074	-3.725191	0.137405	-3.633588	1.646894
0.310547	-0.965820	-0.236084	-4.297710	-0.946565	-3.496183	1.654087
0.307617	-0.958984	-0.241943	-4.244275	-0.221374	-3.038168	1.661238
0.310059	-0.960449	-0.242920	-4.992366	-0.748092	-3.099237	1.668377
0.311768	-0.958984	-0.251221	-5.381679	-1.450382	-3.045802	1.675499
0.290283	-0.958008	-0.251953	-5.732824	-1.931298	-2.961832	1.682674
0.283691	-0.970459	-0.245605	-5.809160	-3.305344	-2.290076	1.689834
0.302490	-0.954102	-0.248779	-5.618321	-2.770992	-1.877863	1.696980
0.298584	-0.976074	-0.247314	-4.305344	-0.587786	-0.435115	1.704094
0.308105	-0.958252	-0.251221	-5.244275	0.412214	-1.251908	1.711304
0.291748	-0.961670	-0.250732	-5.389313	1.717557	-1.236641	1.718462
0.301514	-0.963379	-0.252441	-5.442748	1.526718	-0.870229	1.725679
0.302734	-0.968262	-0.246094	-4.984733	0.740458	-0.022901	1.732891
0.295166	-0.962646	-0.254150	-4.679389	0.213740	0.435115	1.740063
0.300781	-0.949951	-0.237061	-5.152672	-0.389313	0.244275	1.747251
0.302734	-0.950195	-0.253662	-5.061069	0.328244	0.618321	1.754598
0.297852	-0.958984	-0.247803	-5.816794	-0.312977	0.496183	1.761890
0.298584	-0.961670	-0.238770	-5.793893	0.366412	0.839695	1.769220
0.300537	-0.959229	-0.255127	-5.977099	0.656489	1.091603	1.776423
0.307373	-0.956543	-0.255127	-6.450382	0.396947	1.435115	1.783540
0.304443	-0.966553	-0.251465	-6.267176	0.145038	1.923664	1.790738
0.295410	-0.964111	-0.256348	-6.343511	-0.305344	2.198473	1.798011
0.302246	-0.960205	-0.269775	-6.374046	-0.374046	2.358779	1.805161
0.303955	-0.967529	-0.267822	-6.435115	0.183206	2.679389	1.812345
0.292480	-0.965820	-0.253174	-6.786260	0.396947	2.610687	1.819503
0.291016	-0.962646	-0.258301	-6.671756	0.465649	2.312977	1.826759
0.298096	-0.961670	-0.270752	-6.610687	0.793893	2.541985	1.833925
0.291992	-0.969727	-0.268799	-6.877863	0.740458	2.320611	1.841096
0.287354	-0.967529	-0.258301	-6.946565	0.106870	2.656489	1.848307
0.294434	-0.974854	-0.254883	-6.938931	-0.374046	2.969466	1.855424
0.292969	-0.960449	-0.263916	-6.679389	-0.496183	2.977099	1.862595
0.281250	-0.958984	-0.266357	-6.770992	-0.381679	3.129771	1.869796
0.298096	-0.963135	-0.267334	-6.824427	-0.251908	3.198473	1.876967
0.289551	-0.955566	-0.270752	-6.503817	0.106870	3.786260	1.884094
0.289795	-0.963623	-0.269043	-6.748092	0.618321	4.099237	1.891248
0.300293	-0.955811	-0.266113	-6.564885	2.045802	4.885496	1.898486
0.299561	-0.962158	-0.263916	-6.847328	2.847328	4.343511	1.905618
0.282959	-0.955322	-0.270996	-6.954198	3.450382	4.351145	1.912803
0.281738	-0.963623	-0.269043	-7.137405	3.068702	4.236641	1.919970
0.286377	-0.966309	-0.270264	-7.068702	1.809160	4.465649	1.927115
0.288330	-0.961914	-0.264648	-7.145038	1.297710	4.702290	1.934306
0.295410	-0.965820	-0.270996	-6.984733	0.259542	4.511450	1.941497
0.294922	-0.970947	-0.263428	-6.992366	1.030534	4.961832	1.948689
0.293701	-0.969482	-0.281982	-7.190840	0.015267	5.267176	1.955818
0.292236	-0.964844	-0.280518	-7.358779	2.633588	5.572519	1.963014
0.284912	-0.958008	-0.279785	-7.656489	3.610687	5.419847	1.970194
0.286621	-0.969238	-0.287354	-7.374046	5.274809	6.000000	1.977374
0.286865	-0.962158	-0.263428	-7.465649	5.526718	5.847328	1.984504
0.269287	-0.965820	-0.252930	-7.534351	5.847328	5.740458	1.991677
0.260010	-0.960449	-0.270996	-7.541985	5.282443	5.793893	1.998858
0.269043	-0.977295	-0.274902	-7.526718	4.610687	5.427481	2.006010
0.272705	-0.966553	-0.269531	-7.290076	4.015267	4.389313	2.013144
0.272705	-0.971924	-0.277588	-7.122137	3.931298	4.389313	2.020384
0.270996	-0.980957	-0.281250	-6.908397	2.213740	4.038168	2.027574
0.276855	-0.968506	-0.292236	-6.419847	3.412214	4.091603	2.034788
0.281250	-0.967773	-0.291748	-6.625954	4.374046	3.404580	2.041953
0.280762	-0.961914	-0.266113	-6.770992	4.206107	3.564885	2.049134
0.280762	-0.961670	-0.280762	-6.427481	4.908397	3.343511	2.056330
0.277344	-0.961426	-0.277588	-6.435115	5.030534	3.770992	2.063454
0.270996	-0.966797	-0.285889	-6.358779	5.000000	3.366412	2.070659
0.274414	-0.968262	-0.270996	-6.160305	4.473282	3.091603	2.077951
0.277100	-0.971924	-0.269287	-5.618321	4.091603	3.198473	2.085081
0.274170	-0.960938	-0.279541	-5.244275	4.175573	2.877863	2.092262
0.271240	-0.953613	-0.275635	-5.435115	3.793893	2.389313	2.099469
0.269043	-0.962402	-0.283447	-5.374046	4.160305	2.022901	2.106628
0.255371	-0.962646	-0.276855	-5.236641	3.717557	1.374046	2.113768
0.254883	-0.969727	-0.268311	-4.839695	2.923664	0.923664	2.120904
0.255615	-0.975830	-0.269287	-4.335878	1.992366	0.786260	2.128061
0.271240	-0.974365	-0.290283	-4.175573	1.587786	0.419847	2.135249
0.270996	-0.969238	-0.287598	-3.809160	1.000000	0.305344	2.142544
0.273193	-0.963135	-0.275879	-3.610687	0.679389	0.595420	2.149720
0.283203	-0.963379	-0.270020	-3.557252	0.824427	0.267176	2.156893
0.270752	-0.963867	-0.276123	-3.618321	1.137405	0.167939	2.164022
0.279297	-0.960938	-0.286377	-3.778626	1.137405	0.213740	2.171217
0.270020	-0.965088	-0.276367	-3.801527	1.114504	0.114504	2.178385
0.278564	-0.963867	-0.283936	-3.419847	0.832061	0.061069	2.185623
0.276367	-0.963867	-0.278564	-3.183206	1.068702	0.290076	2.192915
0.270752	-0.959961	-0.286865	-3.236641	0.900763	0.175573	2.200125
0.288086	-0.955078	-0.275146	-2.923664	0.839695	0.015267	2.207460
0.276611	-0.963135	-0.276367	-3.145038	1.305344	-0.221374	2.214686
0.275879	-0.965088	-0.284668	-3.030534	1.320611	-0.290076	2.221898
0.271729	-0.959961	-0.275879	-2.740458	1.198473	-0.236641	2.229118
0.267334	-0.963623	-0.268555	-2.419847	0.847328	-0.343511	2.236413
0.270752	-0.963379	-0.278564	-2.519084	0.503817	-0.442748	2.243666
0.269287	-0.966553	-0.278320	-2.496183	0.328244	-0.687023	2.250848
0.284912	-0.959717	-0.278564	-2.450382	0.404580	-0.610687	2.258030
0.275391	-0.955811	-0.279053	-2.251908	0.122137	-0.648855	2.265164
0.275635	-0.956055	-0.278809	-2.267176	0.167939	-0.320611	2.272355
0.270508	-0.967773	-0.280029	-2.366412	0.343511	-0.671756	2.279493
0.268555	-0.968506	-0.278320	-2.274809	0.541985	-0.809160	2.286655
0.273682	-0.968506	-0.281250	-2.381679	0.740458	-0.854962	2.293786
0.274902	-0.967041	-0.276855	-2.290076	0.679389	-1.076336	2.300943
0.273193	-0.965088	-0.277344	-2.045802	0.244275	-0.992366	2.308140
0.281006	-0.963135	-0.275879	-1.763359	0.053435	-0.679389	2.315255
0.275146	-0.963379	-0.266602	-1.679389	0.030534	-0.709924	2.322436
0.284180	-0.955078	-0.280518	-1.618321	0.251908	-0.908397	2.329631
0.279053	-0.957520	-0.277832	-1.473282	0.465649	-0.977099	2.336806
0.278320	-0.955811	-0.279785	-1.564885	0.625954	-1.076336	2.343971
0.274658	-0.961670	-0.286621	-1.320611	1.000000	-0.946565	2.351156
0.283447	-0.964844	-0.274902	-1.183206	0.847328	-1.114504	2.358301
0.285400	-0.961426	-0.274414	-0.870229	0.916031	-1.022901	2.365425
0.283203	-0.954834	-0.285400	-0.679389	1.076336	-1.793893	2.372605
0.264648	-0.961914	-0.284912	-0.381679	-0.221374	-2.068702	2.379783
0.251221	-0.968994	-0.282959	-0.793893	-1.122137	-2.702290	2.386973
0.262939	-0.968506	-0.288574	-0.267176	-3.045802	-2.832061	2.394107
0.261230	-0.978271	-0.268311	0.053435	-4.595420	-2.816794	2.401259
0.270752	-0.970459	-0.263672	0.099237	-5.389313	-3.030534	2.408456
0.282471	-0.968262	-0.269287	0.015267	-5.564885	-2.809160	2.415573
0.306152	-0.957520	-0.277588	-0.748092	-4.335878	-2.961832	2.422751
0.287842	-0.965820	-0.276367	-0.870229	-3.259542	-2.061069	2.429947
0.300293	-0.958496	-0.287109	-1.236641	-2.282443	-2.251908	2.437118
0.289795	-0.961670	-0.276367	-0.847328	-0.870229	-1.366412	2.444356
0.292480	-0.966064	-0.283936	-1.557252	-0.931298	-1.679389	2.452190
0.302734	-0.958496	-0.264648	-1.198473	-0.282443	-0.977099	2.459368
0.293457	-0.945312	-0.271484	-1.450382	-0.679389	-0.885496	2.466553
0.285400	-0.954834	-0.274414	-1.351145	-0.732824	-0.572519	2.473685
0.281250	-0.959229	-0.280029	-1.519084	-0.870229	-0.687023	2.480849
0.275635	-0.965088	-0.273438	-1.870229	-0.977099	-0.755725	2.488001
0.268799	-0.968506	-0.270264	-1.603053	-0.671756	-0.885496	2.495157
0.285156	-0.962646	-0.274170	-1.778626	-1.045802	-0.870229	2.502346
0.283447	-0.958252	-0.273682	-2.206107	-2.038168	-1.183206	2.509547
0.280273	-0.964111	-0.272461	-1.641221	-2.908397	-0.580153	2.516736
0.286377	-0.962158	-0.274170	-1.732824	-2.702290	-0.587786	2.523884
0.282959	-0.969238	-0.272461	-3.877863	-2.893130	-1.099237	2.531090
0.283936	-0.963867	-0.279297	-1.793893	-1.725191	-0.816794	2.538291
0.282227	-0.969727	-0.271240	-1.549618	-3.900763	-0.404580	2.545451
0.286377	-0.962158	-0.278076	-1.862595	-1.068702	-0.954198	2.552665
0.287598	-0.963867	-0.274902	-1.816794	-0.687023	-0.679389	2.559828
0.288818	-0.963135	-0.277588	-1.969466	-1.000000	-0.954198	2.567024
0.286865	-0.961670	-0.280029	-1.755725	-1.053435	-0.740458	2.574182
0.286621	-0.965576	-0.287842	-1.641221	-1.366412	-0.748092	2.581507
0.280518	-0.957031	-0.278076	-1.832061	-1.290076	-0.717557	2.588698
0.286377	-0.966797	-0.285400	-1.603053	-0.801527	-0.618321	2.595825
0.289307	-0.956787	-0.275146	-1.732824	-0.442748	-1.007634	2.603023
0.283447	-0.958496	-0.278564	-2.175573	-1.251908	-1.572519	2.610212
0.275146	-0.981201	-0.284180	-0.961832	-1.312977	-0.290076	2.617508
0.281982	-0.958008	-0.278076	-1.717557	-1.160305	-1.435115	2.624683
0.280029	-0.967529	-0.279785	-1.526718	-0.320611	-0.931298	2.631972
0.281738	-0.963623	-0.281250	-2.015267	-0.854962	-1.702290	2.639299
0.295898	-0.964355	-0.270996	-1.488550	-1.511450	-1.167939	2.646650
0.293457	-0.959961	-0.277100	-1.366412	-1.541985	-1.183206	2.653805
0.290283	-0.964844	-0.277832	-1.297710	-1.534351	-1.045802	2.661113
0.297607	-0.947998	-0.276611	-1.717557	-1.526718	-1.671756	2.668305
0.287354	-0.957031	-0.278564	-0.595420	0.335878	-0.007634	2.675444
0.291016	-0.966553	-0.282471	-1.732824	0.305344	-1.442748	2.682704
0.282227	-0.971191	-0.269775	-1.366412	0.839695	-1.412214	2.689921
0.278320	-0.967529	-0.282227	-1.122137	0.122137	-1.618321	2.697116
0.295410	-0.961670	-0.272217	-0.541985	-0.358779	-1.664122	2.704228
0.271484	-0.959717	-0.284180	-0.648855	-1.198473	-1.908397	2.711398
0.283203	-0.964111	-0.282227	-0.931298	-1.015267	-2.671756	2.718543
0.271729	-0.963867	-0.276123	-0.687023	-1.076336	-3.106870	2.725673
0.271729	-0.961914	-0.276367	-0.916031	-2.114504	-4.061069	2.732841
0.291016	-0.966553	-0.274170	0.213740	-2.083969	-2.648855	2.739991
0.295654	-0.962158	-0.269775	-0.152672	-1.450382	-3.702290	2.747172
0.296387	-0.963135	-0.273193	-0.274809	-0.870229	-4.236641	2.754410
0.286865	-0.968262	-0.276855	-0.244275	-0.305344	-4.015267	2.761583
0.289307	-0.964111	-0.269287	-0.251908	-0.450382	-3.938931	2.768781
0.297363	-0.958496	-0.274414	-0.183206	0.145038	-4.404580	2.775926
0.291992	-0.952393	-0.267334	1.938931	0.641221	-3.946565	2.783065
0.295898	-0.951904	-0.273193	-0.862595	-0.725191	-4.496183	2.790270
0.286621	-0.962891	-0.274902	-0.122137	-0.648855	-4.015267	2.797440
0.282715	-0.974365	-0.270264	0.030534	-0.778626	-4.099237	2.804580
0.298584	-0.958496	-0.271484	-0.022901	-0.587786	-4.519084	2.811777
0.284668	-0.949951	-0.272705	0.007634	1.938931	-4.198473	2.818967
0.294434	-0.972168	-0.267090	-0.213740	-0.763359	-4.175573	2.826150
0.289307	-0.961670	-0.275146	-0.076336	-0.038168	-4.297710	2.833280
0.290039	-0.964600	-0.257812	0.221374	0.114504	-4.305344	2.840492
0.288086	-0.949707	-0.269775	0.290076	-1.320611	-3.977099	2.847666
0.285400	-0.955811	-0.278809	0.374046	-1.251908	-3.755725	2.854841
0.286865	-0.966553	-0.272705	0.076336	-0.732824	-3.854962	2.862024
0.304688	-0.949707	-0.267334	0.053435	0.267176	-3.541985	2.869269
0.310059	-0.952881	-0.260742	-0.145038	-0.450382	-3.786260	2.876471
0.310059	-0.949463	-0.260498	-0.129771	-0.206107	-3.083969	2.883610
0.312256	-0.943604	-0.270508	-1.022901	-0.740458	-3.412214	2.890775
0.311768	-0.941162	-0.259033	-0.702290	-0.587786	-2.732824	2.897948
0.306641	-0.957275	-0.252686	-1.145038	-1.091603	-2.526718	2.905077
0.310547	-0.964355	-0.260986	-1.526718	-1.503817	-2.259542	2.912252
0.318604	-0.947998	-0.263672	-1.282443	-0.435115	-1.519084	2.919465
0.295410	-0.963623	-0.266846	-1.580153	-1.366412	-2.129771	2.926649
0.293945	-0.958252	-0.265381	-1.954198	-1.198473	-2.244275	2.933781
0.289551	-0.961426	-0.270020	-1.656489	-2.137405	-2.068702	2.940916
0.302979	-0.956543	-0.269775	-1.519084	-2.717557	-1.671756	2.948076
0.303711	-0.960693	-0.270020	-1.572519	-2.694656	-1.274809	2.955299
0.302734	-0.972656	-0.268555	-1.183206	-1.893130	-0.885496	2.962494
0.308105	-0.954346	-0.269531	-2.007634	-0.908397	-1.511450	2.969669
0.301514	-0.977539	-0.264404	-1.419847	-0.465649	-0.091603	2.976825
0.299805	-0.960938	-0.267334	-3.335878	-2.396947	-1.198473	2.983948
0.313965	-0.961670	-0.254639	-2.816794	-1.244275	0.236641	2.991155
0.323975	-0.945557	-0.250488	-3.656489	-1.580153	0.580153	2.998308
0.307373	-0.947998	-0.256104	-4.045802	-1.358779	0.984733	3.005446
0.311035	-0.945312	-0.267578	-4.877863	-1.022901	0.534351	3.012599
0.316650	-0.960449	-0.271484	-5.305344	-1.038168	0.847328	3.019836
0.304932	-0.956787	-0.269043	-5.137405	-2.870229	2.297710	3.027045
0.296387	-0.954102	-0.270508	-5.335878	-1.259542	2.427481	3.034179
0.322998	-0.970703	-0.257812	-5.465649	-0.847328	2.389313	3.041336
0.294678	-0.948730	-0.265137	-5.709924	0.015267	2.366412	3.048532
0.308105	-0.950439	-0.265625	-5.877863	-0.427481	2.923664	3.055836
0.321777	-0.951660	-0.262939	-5.725191	-0.396947	3.442748	3.063079
0.307861	-0.952393	-0.265137	-5.770992	-0.732824	3.274809	3.070440
0.295166	-0.958740	-0.279541	-5.664122	-0.526718	3.389313	3.077869
0.292480	-0.958008	-0.278809	-5.442748	-1.938931	3.343511	3.085044
0.292236	-0.961914	-0.290283	-5.282443	-0.282443	3.114504	3.092216
0.284668	-0.960693	-0.293701	-5.145038	-0.664122	2.442748	3.099527
0.271729	-0.966309	-0.278564	-4.931298	-1.374046	2.068702	3.106726
0.283203	-0.965088	-0.275635	-4.908397	-1.167939	2.152672	3.113900
0.295410	-0.961182	-0.264404	-4.969466	-1.290076	1.870229	3.121184
0.297363	-0.969238	-0.266602	-5.053435	-1.030534	1.633588	3.128375
0.295410	-0.956055	-0.267578	-5.458015	-0.900763	1.519084	3.135499
0.300781	-0.960205	-0.274414	-5.877863	-0.702290	1.389313	3.142711
0.312500	-0.955078	-0.274902	-6.366412	-0.099237	1.763359	3.149888
0.300049	-0.952637	-0.278809	-6.702290	-0.076336	1.763359	3.157136
0.295410	-0.954590	-0.281006	-7.068702	-0.519084	1.572519	3.164302
0.313721	-0.955811	-0.293457	-7.473282	-1.389313	1.305344	3.171525
0.295410	-0.973145	-0.285400	-6.488550	-2.312977	2.755725	3.178722
0.285156	-0.950684	-0.289307	-6.916031	-3.389313	2.633588	3.185911
0.285156	-0.951416	-0.270752	-6.595420	-4.114504	2.534351	3.193060
0.282715	-0.947266	-0.267334	-6.816794	-5.129771	2.587786	3.200211
0.293213	-0.939209	-0.274170	-7.763359	-8.473282	2.022901	3.207351
0.297852	-0.952393	-0.268311	-7.854962	-10.694656	2.618321	3.214470
0.286133	-0.958496	-0.268555	-6.900763	-12.916031	2.694656	3.221655
0.297363	-0.951660	-0.256592	-5.954198	-14.763359	0.580153	3.228843
0.292480	-0.968018	-0.275391	-4.106870	-15.312977	1.038168	3.236006
0.270020	-0.981689	-0.294678	-2.931298	-13.549618	0.198473	3.243146
0.261719	-0.979248	-0.313721	-2.351145	-12.335878	-1.099237	3.250319
0.250732	-0.977051	-0.332520	-1.717557	-8.648855	-2.198473	3.257526
0.251953	-0.983643	-0.311279	-0.961832	-6.664122	-3.679389	3.264699
0.256348	-0.954102	-0.299561	-0.687023	-4.923664	-3.541985	3.271860
0.272949	-0.951172	-0.293701	0.923664	-4.221374	-2.190840	3.279022
0.286133	-0.931885	-0.292236	0.595420	0.290076	-2.664122	3.286169
0.312500	-0.950439	-0.287598	-0.717557	1.282443	-3.877863	3.293297
0.324951	-0.956543	-0.293701	-2.045802	4.442748	-4.389313	3.300474
0.308594	-0.977051	-0.302490	-2.030534	4.961832	-5.015267	3.307663
0.295654	-0.978027	-0.287109	-2.526718	5.847328	-5.786260	3.314813
0.281982	-1.011475	-0.286133	-2.152672	2.977099	-6.984733	3.322007
0.277344	-1.041016	-0.314697	1.145038	3.870229	-7.068702	3.329183
0.242920	-0.948730	-0.325195	-1.618321	-3.511450	-11.458015	3.336341
0.271973	-0.972900	-0.343262	0.045802	-3.908397	-10.465649	3.343453
0.278809	-0.965820	-0.345215	0.282443	-2.992366	-13.068702	3.350670
0.281494	-0.983887	-0.298828	3.671756	1.603053	-11.122137	3.357906
0.277100	-0.939453	-0.283447	3.038168	4.160305	-12.183206	3.365132
0.312988	-0.943359	-0.269531	2.297710	5.809160	-11.206107	3.372327
0.340332	-0.921631	-0.270508	2.381679	7.702290	-10.511450	3.379505
0.345215	-0.948242	-0.275146	1.977099	5.992366	-11.053435	3.386648
0.323975	-0.951904	-0.283691	2.068702	7.717557	-11.312977	3.393783
0.290771	-0.958740	-0.275391	0.809160	7.992366	-12.900763	3.400929
0.309326	-0.972900	-0.282227	1.816794	7.832061	-12.923664	3.408080
0.293701	-0.960205	-0.291260	2.954198	7.847328	-12.206107	3.415218
0.282227	-0.949707	-0.298340	1.961832	6.503817	-12.549618	3.422409
0.284180	-0.951904	-0.289551	2.526718	6.610687	-13.045802	3.429575
0.319580	-0.940674	-0.309326	2.984733	3.099237	-13.564885	3.436737
0.356445	-0.962402	-0.269531	5.358779	5.770992	-9.083969	3.443880
0.346191	-0.932861	-0.260010	2.694656	3.343511	-12.572519	3.451070
0.341553	-0.934326	-0.269043	2.488550	1.229008	-13.198473	3.458277
0.334961	-0.950928	-0.270264	2.488550	1.832061	-12.725191	3.465446
0.322998	-0.937500	-0.291016	2.671756	-0.572519	-12.877863	3.472609
0.329346	-0.946533	-0.270752	3.229008	-2.045802	-10.145038	3.479793
0.361328	-0.948242	-0.258057	3.709924	-0.458015	-10.687023	3.487226
0.331299	-0.965820	-0.252930	5.564885	5.740458	-8.679389	3.494627
0.315186	-0.953613	-0.239990	2.885496	6.274809	-9.809160	3.502019
0.332275	-0.932373	-0.261719	1.763359	4.984733	-11.045802	3.509267
0.343994	-0.946289	-0.259033	2.412214	3.580153	-10.977099	3.516605
0.323975	-0.940674	-0.284424	3.763359	1.480916	-11.648855	3.523810
0.311768	-0.958252	-0.284424	4.633588	-0.282443	-11.541985	3.531000
0.320068	-0.943604	-0.289795	4.213740	-1.229008	-13.427481	3.538322
0.309082	-0.981689	-0.296631	6.267176	-1.465649	-14.541985	3.545460
0.323975	-0.959717	-0.302490	6.809160	-3.595420	-14.725191	3.552655
0.342773	-0.977539	-0.279053	8.885496	-3.236641	-14.076336	3.559903
0.329590	-0.920898	-0.264648	8.954198	-5.343511	-14.770992	3.567175
0.322998	-0.901123	-0.264404	8.351145	-9.175573	-14.358779	3.574325
0.334717	-0.895264	-0.266357	7.106870	-17.137405	-15.908397	3.581636
0.342773	-0.941162	-0.258789	9.351145	-14.664122	-15.519084	3.588794
0.373291	-0.954590	-0.248779	8.938931	-12.145038	-16.450382	3.596013
0.358887	-0.977051	-0.257324	9.427481	-11.816794	-17.595420	3.603158
0.346191	-0.965576	-0.279053	8.694656	-12.572519	-21.076336	3.610377
0.318359	-0.989258	-0.274658	8.221374	-8.801527	-22.587786	3.617547
0.278809	-1.021484	-0.257812	7.793893	-2.778626	-22.030534	3.624681
0.306152	-1.000000	-0.270508	7.015267	2.564885	-21.900763	3.631851
0.300293	-0.907715	-0.280273	7.748092	2.839695	-21.167939	3.639017
0.343994	-0.921387	-0.287842	3.328244	6.442748	-16.938931	3.646171
0.402832	-0.931885	-0.295654	4.854962	-1.717557	-19.732824	3.653298
0.444580	-0.937744	-0.239258	5.633588	0.778626	-19.946565	3.660462
0.450928	-0.958252	-0.193115	7.664122	1.183206	-19.114504	3.667599
0.425781	-0.934326	-0.194824	5.740458	2.000000	-18.519084	3.674757
0.407715	-0.904541	-0.212646	4.106870	0.007634	-21.870229	3.681954
0.350586	-0.886475	-0.246094	3.122137	1.106870	-24.412214	3.689124
0.376221	-0.902100	-0.245605	2.488550	7.076336	-19.251908	3.696245
0.403564	-0.925293	-0.258545	2.465649	-1.145038	-18.381679	3.703365
0.440674	-0.952637	-0.247070	4.679389	-6.000000	-18.549618	3.710525
0.407959	-0.981445	-0.217529	4.083969	-11.244275	-18.786260	3.717680
0.361816	-0.969238	-0.241943	4.595420	-12.946565	-19.351145	3.724808
0.303223	-0.941650	-0.250977	6.519084	-8.648855	-20.732824	3.731941
0.363525	-0.919189	-0.260010	5.992366	-2.633588	-21.030534	3.739104
0.390625	-0.946045	-0.261475	4.755725	3.725191	-19.648855	3.746253
0.382324	-0.945557	-0.260010	7.778626	2.916031	-19.389313	3.753374
0.333984	-0.906494	-0.194824	4.748092	4.648855	-24.274809	3.760535
0.350098	-0.914307	-0.264648	4.839695	-4.755725	-25.519084	3.767676
0.429443	-0.884766	-0.276123	6.381679	-4.793893	-22.320611	3.774839
0.423340	-0.924072	-0.264648	6.145038	-7.396947	-20.030534	3.782170
0.444824	-0.897461	-0.212646	6.694656	-8.526718	-16.458015	3.789348
0.437256	-0.883301	-0.222656	8.068702	-11.045802	-15.122137	3.796564
0.439209	-0.911621	-0.236572	6.251908	-8.541985	-17.229008	3.803690
0.422119	-0.929199	-0.261719	5.587786	-10.870229	-21.702290	3.810868
0.404297	-0.909424	-0.263672	4.053435	-12.465649	-23.038168	3.818143
0.449951	-0.909912	-0.271973	3.480916	-12.206107	-22.763359	3.825280
0.408691	-0.892090	-0.273193	2.458015	-5.053435	-18.122137	3.832421
0.433350	-0.946289	-0.241699	3.274809	-11.549618	-18.854962	3.839585
0.389648	-0.871094	-0.258057	4.816794	-7.061069	-13.984733	3.846739
0.418213	-0.900146	-0.267822	5.442748	-7.885496	-12.992366	3.853870
0.462891	-0.904297	-0.239014	4.076336	-8.251908	-13.396947	3.861070
0.470947	-0.876709	-0.168457	2.473282	-4.717557	-13.511450	3.868472
0.433105	-0.864746	-0.140137	3.053435	-4.244275	-13.335878	3.875724
0.408203	-0.854736	-0.168457	2.572519	-6.633588	-14.259542	3.882950
0.454590	-0.868164	-0.200684	1.671756	-5.786260	-13.694656	3.890137
0.458496	-0.914062	-0.250000	-6.748092	2.648855	-10.618321	3.897305
0.449219	-0.925781	-0.219971	-1.000000	3.511450	-16.580153	3.904428
0.444824	-0.928223	-0.209961	-3.183206	-1.671756	-18.129771	3.911619
0.460449	-0.920166	-0.212158	-0.083969	-0.137405	-16.519084	3.918912
0.459961	-0.927979	-0.218994	-3.198473	-2.412214	-17.954198	3.926184
0.458984	-0.951172	-0.210693	-3.603053	-4.633588	-20.351145	3.933344
0.439209	-0.912109	-0.243896	-2.908397	-6.366412	-18.541985	3.940630
0.479248	-0.859375	-0.234863	-2.648855	-12.374046	-18.465649	3.947838
0.504639	-0.864258	-0.250488	-3.305344	-14.328244	-15.389313	3.955048
0.495850	-0.886230	-0.198730	-4.015267	-13.946565	-15.022901	3.962295
0.508545	-0.885498	-0.218018	-4.694656	-14.076336	-13.854962	3.969503
0.463135	-0.917969	-0.231445	-4.702290	-13.267176	-12.503817	3.976763
