-0.415039	-0.809082	0.251709	3.473282	9.160305	-0.511450	0.006528
-0.420166	-0.829346	0.254883	2.511450	8.816794	-0.419847	0.013820
-0.429443	-0.840332	0.257080	1.091603	7.931298	-0.412214	0.021163
-0.434814	-0.841553	0.269287	-0.564885	6.946565	-0.213740	0.028559
-0.435791	-0.850830	0.268555	-1.770992	5.618321	-0.267176	0.035694
-0.437988	-0.855713	0.275635	-2.832061	4.809160	-0.122137	0.042905
-0.443604	-0.861816	0.288818	-4.122137	3.725191	-0.167939	0.050074
-0.439209	-0.855469	0.292480	-5.076336	2.595420	0.106870	0.057216
-0.441650	-0.840820	0.298584	-6.603053	1.595420	-0.190840	0.064344
-0.436279	-0.846436	0.323975	-7.664122	2.114504	-0.534351	0.071486
-0.443604	-0.851074	0.336670	-8.496183	2.106870	-0.572519	0.078819
-0.442627	-0.856445	0.349121	-9.152672	2.068702	-0.618321	0.086085
-0.449707	-0.847412	0.358643	-8.839695	2.633588	-0.969466	0.093251
-0.452637	-0.837158	0.356934	-9.312977	2.671756	-1.145038	0.100396
-0.466553	-0.841797	0.372803	-9.328244	2.694656	-1.114504	0.107612
-0.452148	-0.850098	0.371094	-9.175573	1.740458	-1.480916	0.114743
-0.444824	-0.842285	0.385742	-8.603053	1.122137	-2.061069	0.121931
-0.460693	-0.845947	0.383301	-8.732824	0.916031	-2.648855	0.129131
-0.468994	-0.847168	0.389893	-8.221374	0.282443	-3.320611	0.136304
-0.475586	-0.851562	0.405762	-7.183206	-1.076336	-3.320611	0.143423
-0.464600	-0.862305	0.418213	-6.763359	-1.435115	-3.625954	0.150632
-0.457764	-0.855713	0.419189	-5.885496	-1.221374	-3.832061	0.157859
-0.458496	-0.846924	0.419434	-4.916031	-0.816794	-3.610687	0.165002
-0.451172	-0.836914	0.416504	-4.610687	0.007634	-3.954198	0.172230
-0.446777	-0.823730	0.430664	-3.625954	1.290076	-3.931298	0.179439
-0.451416	-0.814209	0.408203	-2.549618	2.625954	-4.328244	0.186576
-0.456787	-0.796387	0.422852	-1.557252	4.152672	-4.442748	0.193832
-0.459717	-0.788574	0.416260	-0.351145	4.908397	-4.900763	0.201031
-0.463867	-0.766602	0.409424	0.526718	5.816794	-4.916031	0.208234
-0.464844	-0.754150	0.400146	1.679389	6.251908	-5.442748	0.215351
-0.465332	-0.737305	0.389404	2.251908	6.305344	-5.916031	0.222534
-0.473877	-0.719482	0.384766	3.366412	5.549618	-6.534351	0.229727
-0.477051	-0.718506	0.366699	3.236641	3.900763	-6.717557	0.236893
-0.478516	-0.709473	0.352783	4.000000	2.160305	-7.175573	0.244030
-0.490723	-0.703613	0.359375	3.854962	0.076336	-7.595420	0.251171
-0.482910	-0.707275	0.340576	4.122137	-0.007634	-8.320611	0.258334
-0.484619	-0.702881	0.330566	4.045802	-3.969466	-9.030534	0.265467
-0.482666	-0.701172	0.335449	3.404580	-6.404580	-9.251908	0.272652
-0.494141	-0.709961	0.339600	2.923664	-8.725191	-10.015267	0.279824
-0.484863	-0.721436	0.330566	2.167939	-11.061069	-10.206107	0.287016
-0.489014	-0.726074	0.328369	1.877863	-12.633588	-11.038168	0.294228
-0.488037	-0.741943	0.333008	1.343511	-14.335878	-11.648855	0.301397
-0.480713	-0.768555	0.324463	0.755725	-15.122137	-12.419847	0.308544
-0.487305	-0.785400	0.325928	0.435115	-15.770992	-12.740458	0.315681
-0.485840	-0.806396	0.328125	0.244275	-17.267176	-13.106870	0.322857
-0.483154	-0.825195	0.317383	0.061069	-17.656489	-13.358779	0.330038
-0.482178	-0.827637	0.314941	-0.419847	-17.847328	-13.312977	0.337197
-0.474609	-0.832520	0.303711	-0.320611	-18.374046	-12.992366	0.344327
-0.469238	-0.826172	0.305176	-0.824427	-18.335878	-12.503817	0.351467
-0.460938	-0.818848	0.303955	-1.152672	-17.862595	-11.702290	0.358620
-0.468506	-0.822266	0.299316	-1.664122	-17.236641	-10.541985	0.365745
-0.461426	-0.821777	0.283691	-1.961832	-16.175573	-9.152672	0.372901
-0.455566	-0.825684	0.284912	-2.412214	-15.068702	-7.702290	0.380059
-0.447754	-0.836670	0.290283	-2.954198	-13.984733	-6.320611	0.387193
-0.445801	-0.842041	0.269775	-3.793893	-12.259542	-4.679389	0.394354
-0.439697	-0.847656	0.276611	-4.106870	-10.419847	-3.076336	0.401545
-0.434814	-0.844238	0.266846	-4.824427	-8.854962	-1.534351	0.408704
-0.434570	-0.845703	0.263672	-5.564885	-7.160305	-0.083969	0.415814
-0.435303	-0.845215	0.251221	-6.435115	-5.633588	0.908397	0.423006
-0.432373	-0.851807	0.251221	-7.534351	-4.160305	2.000000	0.430195
-0.437012	-0.851318	0.253174	-8.938931	-2.931298	2.816794	0.437719
-0.437500	-0.853516	0.246338	-10.000000	-2.374046	3.389313	0.445161
-0.447266	-0.863770	0.254639	-11.511450	-2.801527	3.786260	0.453918
-0.459717	-0.880859	0.261230	-12.740458	-3.961832	4.038168	0.461124
-0.460205	-0.892334	0.266357	-13.641221	-5.992366	4.091603	0.468310
-0.473145	-0.896484	0.276367	-14.312977	-7.946565	4.893130	0.475436
-0.460938	-0.912354	0.296875	-14.687023	-9.236641	5.458015	0.482603
-0.432861	-0.901611	0.298340	-14.251908	-7.969466	6.709924	0.489796
-0.408203	-0.881348	0.299072	-13.809160	-5.000000	7.694656	0.497078
-0.405762	-0.871338	0.280029	-12.885496	-1.419847	8.870229	0.504216
-0.407715	-0.856445	0.276123	-12.610687	1.526718	10.404580	0.511391
-0.389160	-0.843018	0.265137	-12.534351	3.396947	11.427481	0.518574
-0.389648	-0.846191	0.258301	-12.702290	5.832061	12.099237	0.525753
-0.397705	-0.837891	0.257812	-12.587786	8.038168	13.274809	0.532936
-0.416260	-0.841064	0.261963	-12.984733	8.549618	14.114504	0.540145
-0.422363	-0.858154	0.269287	-13.435115	8.251908	14.916031	0.547342
-0.421875	-0.870117	0.274414	-13.656489	7.679389	15.366412	0.554482
-0.416504	-0.872559	0.275391	-13.862595	7.045802	15.587786	0.561647
-0.427490	-0.874023	0.278320	-13.954198	5.458015	15.862595	0.568805
-0.423096	-0.879395	0.274414	-13.908397	3.961832	15.839695	0.576007
-0.423828	-0.879883	0.264893	-14.137405	2.167939	15.717557	0.583278
-0.426758	-0.876953	0.273682	-14.328244	0.671756	15.213740	0.590451
-0.418457	-0.866943	0.270020	-14.534351	-0.687023	14.916031	0.597646
-0.419189	-0.863770	0.271729	-14.480916	-2.396947	14.091603	0.604782
-0.411133	-0.869385	0.270752	-14.305344	-3.541985	13.618321	0.611969
-0.401123	-0.869141	0.270508	-13.870229	-4.160305	12.977099	0.619129
-0.402832	-0.860596	0.265381	-13.061069	-4.427481	12.267176	0.626323
-0.399414	-0.870850	0.267090	-12.206107	-4.404580	11.381679	0.633450
-0.395752	-0.858887	0.265137	-11.175573	-4.770992	10.503817	0.640683
-0.392334	-0.857422	0.253418	-10.351145	-5.137405	9.412214	0.647836
-0.394287	-0.859863	0.237061	-9.488550	-6.030534	8.229008	0.654964
-0.394043	-0.862305	0.231445	-8.442748	-6.992366	6.969466	0.662122
-0.397949	-0.863525	0.215332	-7.961832	-8.000000	5.709924	0.669310
-0.401611	-0.873047	0.227783	-7.145038	-9.083969	4.175573	0.676485
-0.398193	-0.883545	0.220215	-6.732824	-10.656489	2.580153	0.683653
-0.395752	-0.894531	0.220947	-6.450382	-11.541985	1.167939	0.690848
-0.393799	-0.895508	0.217773	-5.801527	-12.603053	-0.297710	0.698014
-0.388916	-0.896973	0.212402	-5.503817	-13.267176	-1.603053	0.705237
-0.389160	-0.906982	0.219482	-5.061069	-13.755725	-2.893130	0.712417
-0.389893	-0.897217	0.206787	-4.656489	-13.977099	-4.175573	0.719567
-0.389404	-0.895508	0.209473	-4.183206	-13.931298	-5.106870	0.726736
-0.387939	-0.886963	0.192383	-4.099237	-13.687023	-6.251908	0.733864
-0.378906	-0.874023	0.189941	-4.106870	-13.816794	-6.931298	0.741034
-0.383545	-0.871338	0.185059	-4.297710	-13.480916	-7.770992	0.748232
-0.383301	-0.862305	0.190430	-4.458015	-13.496183	-8.427481	0.755357
-0.386475	-0.865723	0.190918	-4.419847	-13.572519	-9.526718	0.762523
-0.393311	-0.878662	0.192627	-4.511450	-13.618321	-10.007634	0.769644
-0.384521	-0.898926	0.194092	-4.091603	-12.244275	-10.473282	0.776826
-0.381836	-0.907959	0.214844	-2.740458	-9.923664	-10.900763	0.783936
-0.384033	-0.910645	0.215332	-1.541985	-7.137405	-11.236641	0.791137
-0.377197	-0.913330	0.221191	-0.114504	-3.549618	-11.206107	0.798300
-0.380615	-0.910645	0.208496	1.198473	-0.580153	-11.366412	0.805521
-0.383545	-0.899658	0.209229	2.114504	1.900763	-11.251908	0.812676
-0.384766	-0.875732	0.208740	2.984733	3.526718	-11.122137	0.819828
-0.403076	-0.861572	0.207275	3.183206	3.954198	-10.847328	0.827020
-0.402588	-0.845703	0.209229	2.816794	3.832061	-10.274809	0.834141
-0.421143	-0.829346	0.219971	2.427481	3.076336	-9.435115	0.841341
-0.423828	-0.815918	0.230957	1.549618	1.748092	-8.702290	0.848530
-0.416504	-0.808105	0.226562	1.022901	0.671756	-8.076336	0.855638
-0.424805	-0.805908	0.230957	0.259542	-0.549618	-7.793893	0.862811
-0.417969	-0.813477	0.223633	-0.267176	-1.290076	-8.076336	0.870107
-0.418701	-0.829590	0.217285	-0.618321	-1.946565	-8.564885	0.877370
-0.431396	-0.864502	0.223145	-0.282443	-2.496183	-9.664122	0.884757
-0.430176	-0.894775	0.237061	0.526718	-2.435115	-10.725191	0.892004
-0.438721	-0.912109	0.234619	1.549618	-1.969466	-11.877863	0.899291
-0.440674	-0.922119	0.231445	2.885496	-1.450382	-13.221374	0.906579
-0.437256	-0.935059	0.239502	4.137405	-0.664122	-14.152672	0.913745
-0.435791	-0.940186	0.235840	5.129771	0.160305	-15.122137	0.920952
-0.434326	-0.921387	0.243652	5.854962	0.389313	-15.740458	0.928156
-0.440430	-0.918213	0.229248	6.030534	0.778626	-16.122137	0.935285
-0.442139	-0.900879	0.261719	5.755725	0.580153	-16.167939	0.942447
-0.445801	-0.885986	0.251953	5.160305	0.175573	-15.732824	0.949639
-0.451416	-0.866211	0.252197	3.900763	-0.648855	-14.832061	0.956818
-0.452393	-0.858887	0.259033	2.763359	-1.251908	-13.763359	0.963963
-0.448975	-0.834229	0.270508	1.389313	-1.725191	-12.526718	0.971157
-0.442871	-0.828613	0.267578	0.000000	-2.129771	-10.984733	0.978315
-0.440186	-0.820801	0.259277	-1.167939	-2.366412	-9.854962	0.985438
-0.438721	-0.817383	0.262207	-2.114504	-2.541985	-8.587786	0.992615
-0.442871	-0.825195	0.267090	-3.038168	-2.740458	-7.259542	0.999791
-0.446777	-0.835449	0.270020	-3.877863	-2.984733	-6.015267	1.007007
-0.448975	-0.835205	0.273438	-4.366412	-3.236641	-4.725191	1.014146
-0.447998	-0.838135	0.284180	-4.694656	-3.648855	-3.435115	1.021398
-0.437012	-0.851562	0.277100	-4.786260	-3.305344	-2.267176	1.028549
-0.435791	-0.846191	0.275391	-4.824427	-3.198473	-1.061069	1.035687
-0.437012	-0.847900	0.282959	-4.740458	-2.404580	-0.312977	1.042842
-0.430176	-0.845459	0.277832	-4.809160	-2.061069	0.541985	1.050062
-0.437500	-0.838867	0.287109	-4.778626	-2.045802	1.374046	1.057208
-0.436279	-0.842529	0.273682	-5.083969	-2.305344	1.992366	1.064336
-0.441650	-0.843750	0.286621	-5.129771	-2.793893	2.656489	1.071479
-0.434570	-0.848145	0.285645	-5.580153	-3.213740	3.251908	1.078804
-0.437744	-0.838623	0.285889	-5.961832	-4.091603	3.595420	1.085996
-0.431885	-0.846436	0.282715	-6.328244	-4.778626	4.076336	1.093122
-0.429443	-0.849609	0.284180	-6.748092	-5.496183	4.427481	1.100306
-0.427490	-0.853760	0.281006	-7.129771	-5.885496	4.793893	1.107507
-0.420410	-0.844727	0.280029	-7.557252	-6.152672	5.091603	1.114756
-0.417236	-0.848389	0.281250	-7.854962	-6.343511	5.259542	1.121932
-0.417236	-0.852051	0.283691	-8.167939	-6.061069	5.465649	1.129126
-0.411621	-0.853760	0.285645	-8.290076	-5.770992	5.717557	1.136271
-0.407959	-0.854980	0.299561	-8.145038	-4.740458	5.961832	1.143389
-0.405273	-0.858887	0.300537	-7.961832	-3.564885	6.229008	1.150591
-0.399658	-0.862305	0.293945	-7.633588	-2.229008	6.633588	1.157763
-0.398193	-0.865234	0.306885	-7.038168	-0.687023	6.816794	1.164915
-0.400879	-0.861572	0.289307	-6.480916	0.961832	7.068702	1.172153
-0.398438	-0.873535	0.294434	-6.137405	1.946565	7.244275	1.179335
-0.406494	-0.852539	0.284424	-5.870229	2.557252	7.312977	1.186491
-0.404297	-0.847412	0.300537	-3.931298	2.809160	7.396947	1.193618
-0.406006	-0.850586	0.305664	-6.190840	2.587786	7.496183	1.200777
-0.412354	-0.848145	0.300781	-6.427481	2.038168	7.328244	1.207919
-0.419189	-0.849854	0.305420	-6.717557	1.290076	7.229008	1.215131
-0.419189	-0.843262	0.304443	-7.145038	0.267176	6.938931	1.222286
-0.417969	-0.850342	0.310303	-7.595420	-0.587786	6.702290	1.229478
-0.416504	-0.861084	0.320312	-7.778626	-1.167939	6.557252	1.236646
-0.408936	-0.854004	0.323242	-7.870229	-2.038168	6.213740	1.243769
-0.408936	-0.853516	0.314941	-8.183206	-2.793893	6.175573	1.250926
-0.402344	-0.848389	0.316650	-8.450382	-3.244275	6.076336	1.258099
-0.402100	-0.849121	0.312012	-8.511450	-3.641221	6.022901	1.265226
-0.409180	-0.844727	0.312988	-8.557252	-3.870229	5.603053	1.272404
-0.412842	-0.839600	0.309570	-8.839695	-4.458015	5.335878	1.279557
-0.407471	-0.841064	0.320557	-8.992366	-5.320611	5.160305	1.286734
-0.411865	-0.847412	0.337402	-8.809160	-5.595420	5.061069	1.293867
-0.406494	-0.842529	0.349609	-8.297710	-4.969466	4.671756	1.301025
-0.406250	-0.839844	0.347168	-7.664122	-4.297710	4.381679	1.308352
-0.418701	-0.838135	0.340332	-6.587786	-3.832061	3.839695	1.315649
-0.401855	-0.838379	0.345459	-5.610687	-2.641221	3.114504	1.323032
-0.405029	-0.835449	0.344971	-4.564885	-1.709924	2.435115	1.330315
-0.406250	-0.833984	0.336670	-3.137405	-0.809160	1.564885	1.337522
-0.406006	-0.827637	0.346680	-2.038168	-0.091603	0.839695	1.344732
-0.400391	-0.818115	0.344727	-0.931298	0.595420	0.022901	1.351852
-0.407227	-0.812744	0.330566	0.068702	1.030534	-1.198473	1.359022
-0.414307	-0.812744	0.333740	0.847328	1.091603	-2.022901	1.366170
-0.422363	-0.820312	0.328369	1.419847	0.358779	-2.954198	1.373306
-0.420166	-0.820801	0.336670	2.038168	-0.351145	-3.938931	1.380461
-0.424072	-0.815918	0.339111	2.458015	-1.564885	-4.595420	1.387659
-0.419434	-0.819580	0.325928	2.664122	-2.427481	-5.290076	1.394788
-0.425049	-0.824219	0.330078	2.793893	-3.129771	-5.786260	1.401956
-0.435059	-0.820801	0.320801	2.938931	-3.946565	-6.526718	1.409149
-0.423340	-0.831787	0.314453	3.091603	-4.885496	-7.106870	1.416359
-0.424805	-0.830811	0.314453	3.198473	-5.419847	-7.679389	1.423500
-0.419189	-0.830811	0.312012	3.557252	-5.618321	-8.274809	1.430673
-0.421387	-0.832764	0.304932	3.465649	-5.709924	-8.862595	1.437837
-0.421875	-0.833740	0.304932	3.656489	-5.801527	-9.076336	1.444967
-0.420654	-0.826904	0.301758	3.564885	-5.709924	-9.473282	1.452110
-0.417725	-0.833252	0.296143	3.870229	-5.916031	-9.450382	1.459283
-0.417236	-0.843262	0.304199	4.229008	-4.717557	-9.473282	1.466413
-0.415771	-0.844971	0.299316	4.702290	-3.511450	-9.396947	1.473539
-0.410645	-0.848145	0.296143	5.129771	-1.961832	-9.198473	1.480670
-0.419434	-0.836914	0.283936	5.473282	-0.717557	-8.824427	1.487836
-0.417236	-0.843750	0.282471	5.740458	0.519084	-8.603053	1.494960
-0.426025	-0.837646	0.283203	5.854962	1.083969	-8.343511	1.502118
-0.431885	-0.843994	0.280518	5.832061	1.022901	-8.198473	1.509306
-0.430420	-0.846924	0.274414	5.511450	0.984733	-7.969466	1.516478
-0.430664	-0.838135	0.280762	4.992366	0.763359	-7.740458	1.523712
-0.436035	-0.838867	0.279541	4.435115	0.381679	-7.633588	1.530917
-0.431885	-0.836426	0.281494	3.992366	-0.129771	-7.381679	1.538111
-0.431885	-0.837158	0.274414	3.435115	-0.519084	-7.145038	1.545242
-0.426025	-0.845947	0.275391	2.954198	-0.854962	-6.977099	1.552432
-0.431396	-0.855469	0.276367	2.511450	-0.961832	-6.725191	1.559572
-0.425293	-0.851074	0.277588	2.122137	-0.641221	-6.229008	1.566734
-0.424561	-0.852051	0.275635	1.763359	-0.458015	-5.717557	1.573851
-0.425537	-0.848877	0.275391	1.190840	-0.038168	-5.129771	1.581183
-0.422363	-0.849121	0.271973	0.877863	0.175573	-4.587786	1.588377
-0.429443	-0.848389	0.261719	0.274809	-0.152672	-4.137405	1.595490
-0.424316	-0.850342	0.269775	-0.251908	-0.160305	-3.374046	1.602679
-0.421143	-0.848389	0.269043	-0.625954	-0.213740	-2.824427	1.609828
-0.426758	-0.856201	0.270996	-0.870229	0.053435	-2.358779	1.616986
-0.427979	-0.855713	0.267822	-1.290076	0.045802	-1.900763	1.624188
-0.423096	-0.850586	0.271240	-1.641221	0.519084	-1.412214	1.631378
-0.421143	-0.853027	0.277588	-2.068702	0.694656	-0.938931	1.638531
-0.418945	-0.858154	0.276611	-2.427481	1.015267	-0.664122	1.645658
-0.424316	-0.859375	0.277832	-2.839695	1.221374	-0.351145	1.652900
-0.424805	-0.859863	0.278320	-3.229008	1.389313	0.038168	1.660051
-0.417480	-0.858154	0.277588	-3.732824	1.534351	0.267176	1.667190
-0.418945	-0.855957	0.281494	-4.106870	1.580153	0.389313	1.674315
-0.421143	-0.850342	0.283691	-4.580153	1.610687	0.618321	1.681490
-0.421143	-0.857910	0.275146	-4.801527	1.610687	0.648855	1.688646
-0.422363	-0.849609	0.277344	-4.954198	1.297710	0.656489	1.695760
-0.427734	-0.847412	0.275635	-5.221374	1.221374	0.427481	1.702910
-0.420166	-0.844238	0.284180	-5.320611	0.854962	0.305344	1.710120
-0.423828	-0.850098	0.281250	-5.496183	0.725191	-0.083969	1.717274
-0.415771	-0.845459	0.281738	-5.366412	0.328244	-0.343511	1.724489
-0.419678	-0.839844	0.285400	-5.244275	-0.129771	-0.633588	1.731709
-0.420166	-0.839111	0.283691	-5.351145	-0.541985	-0.908397	1.738880
-0.409912	-0.844482	0.277588	-5.183206	-0.671756	-1.106870	1.746065
-0.417480	-0.841309	0.280029	-5.137405	-0.580153	-1.427481	1.753336
-0.418213	-0.838623	0.275391	-5.076336	-0.603053	-1.610687	1.760704
-0.411865	-0.838379	0.276855	-4.816794	-0.610687	-1.656489	1.768008
-0.414551	-0.836182	0.279297	-5.068702	-0.709924	-2.045802	1.775167
-0.414795	-0.837158	0.279541	-4.954198	-0.839695	-2.328244	1.782357
-0.414062	-0.840576	0.281494	-5.038168	-1.335878	-2.572519	1.789552
-0.420654	-0.839111	0.276611	-5.099237	-1.832061	-2.763359	1.796820
-0.423096	-0.841064	0.286377	-5.137405	-2.442748	-2.854962	1.803975
-0.420654	-0.850586	0.287842	-5.076336	-2.748092	-3.137405	1.811161
-0.423096	-0.856934	0.303711	-4.969466	-2.870229	-3.198473	1.818316
-0.420410	-0.858398	0.268799	-4.702290	-2.511450	-3.129771	1.825466
-0.414307	-0.859375	0.285645	-4.458015	-2.167939	-3.091603	1.832739
-0.416992	-0.856689	0.284912	-4.206107	-1.732824	-3.015267	1.839897
-0.414795	-0.855957	0.281982	-4.160305	-1.251908	-2.870229	1.847093
-0.416992	-0.854492	0.278076	-4.167939	-1.251908	-2.816794	1.854239
-0.416504	-0.849609	0.276123	-4.068702	-0.992366	-2.549618	1.861413
-0.424561	-0.855957	0.288330	-4.312977	-1.083969	-2.480916	1.868610
-0.424805	-0.851562	0.276611	-4.473282	-1.167939	-2.129771	1.875725
-0.426025	-0.852783	0.276611	-4.480916	-1.282443	-1.885496	1.882910
-0.423096	-0.856445	0.284668	-4.725191	-1.511450	-1.625954	1.890065
-0.412842	-0.859863	0.285156	-4.793893	-1.389313	-1.374046	1.897299
-0.418701	-0.857178	0.273926	-4.877863	-1.007634	-0.900763	1.904431
-0.415527	-0.857666	0.288086	-4.923664	-0.854962	-0.801527	1.911608
-0.414795	-0.860596	0.278076	-4.908397	-0.404580	-0.396947	1.918784
-0.408691	-0.854248	0.281738	-4.977099	0.145038	-0.213740	1.925927
-0.412842	-0.856201	0.274414	-4.908397	0.290076	-0.251908	1.933122
-0.413086	-0.858643	0.279053	-4.793893	0.450382	0.175573	1.940315
-0.410645	-0.858398	0.277832	-4.801527	0.786260	0.091603	1.947503
-0.408203	-0.874023	0.280762	-4.763359	0.709924	0.183206	1.954638
-0.407715	-0.861816	0.290527	-4.511450	0.564885	0.022901	1.961829
-0.407715	-0.858887	0.290527	-4.541985	0.549618	0.190840	1.969009
-0.406738	-0.862305	0.282715	-4.625954	0.442748	-0.015267	1.976180
-0.393066	-0.857178	0.293457	-4.534351	0.450382	-0.053435	1.983305
-0.407471	-0.857178	0.290527	-4.595420	0.488550	-0.206107	1.990492
-0.408936	-0.856445	0.281250	-4.404580	0.175573	-0.053435	1.997674
-0.409180	-0.850586	0.284424	-4.221374	0.259542	-0.083969	2.004793
-0.406006	-0.847900	0.282715	-4.374046	0.419847	-0.061069	2.011964
-0.398438	-0.851807	0.293701	-4.473282	0.229008	-0.114504	2.019192
-0.401367	-0.853271	0.291504	-4.175573	0.679389	-0.320611	2.026387
-0.403564	-0.858643	0.283691	-4.274809	0.847328	-0.351145	2.033603
-0.406982	-0.857666	0.280273	-4.068702	0.770992	-0.351145	2.040772
-0.409424	-0.852539	0.274902	-3.900763	0.511450	-0.725191	2.047927
-0.410400	-0.853516	0.283936	-3.862595	0.206107	-0.984733	2.055067
-0.413086	-0.865479	0.285645	-3.664122	-0.290076	-1.320611	2.062266
-0.408936	-0.863770	0.278564	-3.450382	-0.259542	-1.824427	2.069474
-0.407959	-0.859619	0.284668	-3.152672	-0.221374	-2.114504	2.076752
-0.407471	-0.858154	0.279053	-2.961832	-0.183206	-2.480916	2.083898
-0.405518	-0.858154	0.280518	-2.816794	-0.320611	-2.908397	2.091080
-0.405029	-0.847900	0.286865	-2.687023	-0.473282	-3.137405	2.098286
-0.410889	-0.844238	0.277344	-2.854962	-0.793893	-3.358779	2.105403
-0.411865	-0.849854	0.279785	-2.938931	-1.099237	-3.465649	2.112585
-0.406006	-0.850098	0.282715	-3.022901	-1.160305	-3.572519	2.119714
-0.412598	-0.849121	0.281494	-3.129771	-1.427481	-3.244275	2.126878
-0.407715	-0.844727	0.271484	-3.335878	-1.633588	-3.190840	2.134061
-0.414062	-0.855225	0.280273	-3.366412	-1.748092	-3.000000	2.141354
-0.411621	-0.854248	0.284424	-3.419847	-1.618321	-2.908397	2.148536
-0.407959	-0.862305	0.285645	-3.664122	-1.656489	-2.786260	2.155661
-0.415771	-0.861816	0.273926	-3.534351	-1.893130	-2.648855	2.162837
-0.414551	-0.859131	0.274170	-3.648855	-2.236641	-2.725191	2.170034
-0.417725	-0.848633	0.269775	-3.503817	-2.267176	-2.671756	2.177199
-0.415039	-0.865479	0.275146	-3.717557	-2.335878	-2.679389	2.184330
-0.415283	-0.863037	0.280518	-3.679389	-2.488550	-2.610687	2.191717
-0.416748	-0.861816	0.285645	-3.725191	-2.618321	-2.656489	2.198939
-0.407715	-0.856445	0.282959	-3.824427	-2.648855	-2.465649	2.206268
-0.410889	-0.851807	0.278809	-3.961832	-2.358779	-2.465649	2.213500
-0.415527	-0.851074	0.276611	-4.274809	-2.297710	-2.053435	2.220713
-0.416016	-0.846924	0.275391	-4.213740	-2.183206	-1.916031	2.227926
-0.411377	-0.851562	0.276123	-4.358779	-2.290076	-1.916031	2.235083
-0.404297	-0.850830	0.278809	-4.396947	-2.404580	-1.664122	2.242480
-0.411377	-0.857910	0.277588	-4.389313	-2.648855	-1.534351	2.249664
-0.413818	-0.855713	0.272217	-4.511450	-2.793893	-1.480916	2.256837
-0.416016	-0.855957	0.278076	-4.534351	-3.175573	-1.473282	2.263962
-0.412598	-0.858643	0.271240	-4.526718	-3.366412	-1.366412	2.271152
-0.418701	-0.856201	0.274902	-4.503817	-3.473282	-1.603053	2.278307
-0.408203	-0.861572	0.271240	-4.709924	-3.770992	-1.618321	2.285438
-0.409180	-0.860352	0.273682	-4.809160	-3.778626	-1.656489	2.292601
-0.409424	-0.857910	0.270508	-4.992366	-4.045802	-1.595420	2.299759
-0.410645	-0.855225	0.269287	-5.435115	-4.297710	-1.587786	2.306955
-0.408203	-0.855469	0.268066	-5.709924	-4.641221	-1.503817	2.314070
-0.408447	-0.851562	0.261963	-6.038168	-4.992366	-1.404580	2.321243
-0.409180	-0.850586	0.258545	-6.564885	-5.580153	-1.396947	2.328446
-0.414551	-0.846680	0.261230	-6.931298	-6.213740	-1.396947	2.335554
-0.407227	-0.858887	0.262939	-7.290076	-6.763359	-1.328244	2.342786
-0.410156	-0.844238	0.261230	-7.572519	-7.251908	-1.251908	2.349968
-0.402588	-0.856934	0.259277	-7.900763	-7.442748	-1.320611	2.357117
-0.402100	-0.863281	0.261475	-7.992366	-7.687023	-1.274809	2.364241
-0.402344	-0.865479	0.266113	-8.335878	-7.854962	-1.160305	2.371420
-0.397949	-0.864014	0.262451	-8.587786	-7.954198	-1.183206	2.378569
-0.399658	-0.858887	0.271240	-8.755725	-7.786260	-1.137405	2.385731
-0.403564	-0.861816	0.269775	-8.786260	-7.198473	-1.404580	2.392922
-0.391113	-0.869141	0.277344	-8.854962	-6.374046	-1.351145	2.400057
-0.395020	-0.867188	0.270752	-8.625954	-5.625954	-1.114504	2.407260
-0.392578	-0.866211	0.287842	-8.328244	-4.633588	-1.167939	2.414387
-0.391602	-0.867188	0.279541	-8.000000	-3.717557	-1.374046	2.421561
-0.393311	-0.871826	0.275879	-7.526718	-3.015267	-1.343511	2.428758
-0.396484	-0.864990	0.272461	-7.251908	-2.427481	-1.442748	2.435929
-0.389893	-0.862549	0.273438	-6.870229	-2.068702	-1.442748	2.443161
-0.400879	-0.861084	0.273193	-6.564885	-2.000000	-1.610687	2.451004
-0.398193	-0.854736	0.285645	-6.534351	-2.259542	-1.503817	2.458178
-0.406982	-0.864258	0.290527	-6.366412	-2.748092	-1.633588	2.465304
-0.405273	-0.853760	0.283691	-6.389313	-3.282443	-1.694656	2.472498
-0.408203	-0.856201	0.284180	-6.503817	-3.816794	-1.732824	2.479649
-0.404053	-0.859619	0.280029	-6.618321	-4.076336	-1.641221	2.486809
-0.391602	-0.863281	0.288818	-6.694656	-4.381679	-1.786260	2.493968
-0.398193	-0.856934	0.284912	-6.816794	-4.557252	-1.725191	2.501163
-0.403564	-0.859375	0.291748	-6.854962	-4.595420	-1.732824	2.508359
-0.396729	-0.859863	0.286133	-7.045802	-4.595420	-1.557252	2.515494
-0.397461	-0.857178	0.286377	-6.755725	-4.557252	-1.755725	2.522700
-0.399414	-0.863281	0.289062	-6.679389	-4.656489	-1.816794	2.529897
-0.398682	-0.864258	0.290771	-6.541985	-4.801527	-1.687023	2.537102
-0.399170	-0.868164	0.286865	-6.366412	-5.022901	-1.923664	2.544259
-0.397217	-0.879395	0.282715	-6.015267	-5.290076	-2.053435	2.551451
-0.399414	-0.870361	0.287598	-5.801527	-5.435115	-2.259542	2.558641
-0.397217	-0.866211	0.292969	-5.526718	-5.381679	-2.496183	2.565775
-0.392090	-0.878174	0.294189	-5.198473	-5.213740	-2.679389	2.572994
-0.400146	-0.881348	0.282227	-4.931298	-5.152672	-2.908397	2.580293
-0.398438	-0.875488	0.290771	-4.778626	-4.832061	-3.129771	2.587507
-0.395020	-0.865723	0.270020	-4.473282	-5.091603	-3.305344	2.594638
-0.391602	-0.866455	0.275146	-4.396947	-5.091603	-3.488550	2.601841
-0.395508	-0.863525	0.277832	-4.312977	-5.312977	-3.641221	2.609028
-0.399902	-0.873779	0.283691	-4.458015	-5.564885	-3.847328	2.616170
-0.402344	-0.858643	0.274414	-4.343511	-5.916031	-3.900763	2.623491
-0.392578	-0.868652	0.283447	-4.267176	-5.992366	-3.877863	2.630779
-0.401855	-0.862549	0.274902	-4.290076	-6.312977	-3.916031	2.638102
-0.389648	-0.859863	0.278076	-4.366412	-6.587786	-4.068702	2.645389
-0.384277	-0.862793	0.278564	-4.343511	-6.587786	-3.984733	2.652619
-0.391113	-0.865967	0.274414	-4.274809	-6.786260	-4.076336	2.659926
-0.390625	-0.864746	0.277588	-4.083969	-6.694656	-4.312977	2.667118
-0.386719	-0.874023	0.272949	-3.854962	-6.580153	-4.290076	2.674259
-0.389648	-0.871826	0.277832	-3.977099	-6.587786	-4.358779	2.681521
-0.385254	-0.867188	0.277100	-3.931298	-6.396947	-4.236641	2.688734
-0.386475	-0.875488	0.267822	-3.893130	-6.229008	-4.328244	2.695905
-0.385986	-0.877441	0.274658	-3.969466	-6.458015	-4.221374	2.703040
-0.384521	-0.877197	0.269043	-4.000000	-6.526718	-4.290076	2.710214
-0.389160	-0.877930	0.269043	-4.274809	-6.519084	-4.206107	2.717354
-0.387451	-0.868408	0.271973	-4.526718	-6.847328	-4.030534	2.724489
-0.383057	-0.868408	0.266113	-4.557252	-6.748092	-4.045802	2.731655
-0.381104	-0.875244	0.277344	-4.770992	-6.618321	-3.885496	2.738804
-0.378906	-0.872559	0.274658	-4.908397	-6.480916	-3.885496	2.745984
-0.383545	-0.874023	0.265625	-5.045802	-6.343511	-3.969466	2.753224
-0.370605	-0.874512	0.266602	-4.969466	-5.847328	-3.877863	2.760395
-0.378906	-0.861816	0.275146	-5.160305	-5.687023	-3.770992	2.767576
-0.375732	-0.870361	0.268066	-5.312977	-5.511450	-3.809160	2.774711
-0.369873	-0.875977	0.270020	-5.236641	-5.152672	-4.000000	2.781882
-0.390137	-0.873535	0.272217	-5.335878	-5.496183	-1.969466	2.789082
-0.375977	-0.871094	0.264404	-5.206107	-5.564885	-4.000000	2.796249
-0.373779	-0.872803	0.266846	-5.297710	-5.763359	-4.091603	2.803394
-0.374512	-0.866455	0.275391	-5.503817	-6.122137	-4.129771	2.810590
-0.377441	-0.868164	0.271973	-5.748092	-6.167939	-4.137405	2.817782
-0.368896	-0.869141	0.272461	-5.687023	-6.458015	-4.351145	2.824911
-0.364258	-0.864746	0.272217	-5.832061	-6.396947	-4.175573	2.832088
-0.368896	-0.867676	0.269287	-5.862595	-6.648855	-4.358779	2.839292
-0.365234	-0.864502	0.275391	-6.267176	-6.885496	-4.458015	2.846480
-0.364014	-0.866943	0.268311	-6.351145	-6.938931	-4.664122	2.853660
-0.366699	-0.862061	0.272949	-6.312977	-7.007634	-4.732824	2.860837
-0.366699	-0.862061	0.269775	-6.183206	-6.862595	-4.923664	2.868085
-0.370605	-0.861084	0.278809	-6.129771	-6.870229	-4.916031	2.875225
-0.365234	-0.847656	0.275391	-6.198473	-6.709924	-4.709924	2.882425
-0.378906	-0.865479	0.283447	-6.122137	-6.427481	-4.992366	2.889587
-0.360352	-0.859375	0.279297	-6.030534	-6.580153	-4.900763	2.896755
-0.361816	-0.859863	0.269287	-6.061069	-6.633588	-5.076336	2.903876
-0.377441	-0.858887	0.280518	-5.877863	-6.961832	-5.175573	2.911069
-0.380615	-0.860840	0.278809	-5.946565	-7.175573	-5.129771	2.918279
-0.380371	-0.862549	0.274658	-6.068702	-7.595420	-5.282443	2.925419
-0.374268	-0.864990	0.279785	-5.900763	-7.740458	-5.458015	2.932597
-0.372314	-0.871338	0.268799	-5.862595	-7.946565	-5.541985	2.939730
-0.376709	-0.877197	0.270508	-5.679389	-8.007634	-5.725191	2.946889
-0.368164	-0.874268	0.277832	-5.854962	-7.633588	-5.801527	2.954110
-0.374023	-0.874023	0.274902	-5.633588	-7.374046	-5.748092	2.961308
-0.372559	-0.871826	0.273926	-5.664122	-6.938931	-5.557252	2.968480
-0.371094	-0.873291	0.272461	-5.671756	-7.145038	-5.496183	2.975602
-0.370117	-0.865723	0.264404	-5.816794	-7.061069	-5.312977	2.982763
-0.372314	-0.867188	0.273926	-5.938931	-6.877863	-5.259542	2.989967
-0.374023	-0.868652	0.270508	-6.190840	-7.061069	-4.908397	2.997123
-0.374023	-0.867188	0.267090	-6.381679	-7.221374	-4.610687	3.004256
-0.372803	-0.862549	0.277100	-6.496183	-7.343511	-4.603053	3.011416
-0.371094	-0.865723	0.270996	-6.671756	-7.564885	-4.488550	3.018650
-0.368408	-0.871582	0.275879	-6.778626	-7.900763	-4.694656	3.025797
-0.368652	-0.871338	0.275391	-6.801527	-8.129771	-4.702290	3.032993
-0.369629	-0.879150	0.280518	-6.648855	-8.038168	-4.931298	3.040135
-0.368408	-0.883545	0.268555	-6.618321	-7.931298	-5.000000	3.047339
-0.374756	-0.886963	0.276367	-6.206107	-7.801527	-5.229008	3.054462
-0.367920	-0.891846	0.270020	-6.061069	-7.839695	-5.274809	3.061892
-0.368652	-0.892334	0.259033	-6.152672	-7.809160	-5.312977	3.069247
-0.365234	-0.880859	0.270508	-6.030534	-7.389313	-5.366412	3.076666
-0.367188	-0.882568	0.273926	-6.206107	-7.206107	-5.061069	3.083857
-0.369141	-0.876709	0.270264	-6.427481	-7.671756	-4.748092	3.091030
-0.366699	-0.871826	0.276611	-6.801527	-8.038168	-4.458015	3.098336
-0.365967	-0.871094	0.279541	-7.236641	-8.038168	-3.938931	3.105490
-0.371582	-0.860596	0.277588	-7.679389	-8.396947	-3.320611	3.112716
-0.367188	-0.864990	0.285645	-7.977099	-8.877863	-3.221374	3.119986
-0.365967	-0.860107	0.279541	-8.435115	-9.603053	-2.816794	3.127182
-0.372803	-0.864502	0.286621	-8.610687	-10.190840	-2.564885	3.134316
-0.372070	-0.863281	0.290771	-8.969466	-10.900763	-2.267176	3.141528
-0.371338	-0.871582	0.289062	-9.015267	-11.992366	-2.183206	3.148703
-0.377686	-0.873535	0.294922	-8.847328	-12.488550	-2.015267	3.155898
-0.369141	-0.882324	0.293945	-8.908397	-13.206107	-2.091603	3.163117
-0.369629	-0.882812	0.308105	-8.358779	-13.557252	-1.862595	3.170337
-0.365234	-0.890137	0.306396	-7.877863	-13.580153	-1.633588	3.177537
-0.363770	-0.887207	0.313965	-7.129771	-13.297710	-1.725191	3.184669
-0.358887	-0.888184	0.313965	-6.229008	-13.167939	-1.343511	3.191849
-0.359863	-0.885498	0.300293	-5.511450	-12.992366	-0.992366	3.199027
-0.355469	-0.865967	0.300781	-5.030534	-12.519084	-0.694656	3.206165
-0.348145	-0.861816	0.305420	-4.732824	-11.839695	-0.312977	3.213287
-0.354980	-0.852783	0.312500	-4.290076	-11.206107	0.251908	3.220468
-0.354248	-0.849854	0.310303	-4.564885	-10.748092	0.473282	3.227658
-0.361816	-0.846924	0.297852	-4.290076	-10.351145	1.152672	3.234795
-0.365723	-0.845703	0.316895	-4.137405	-10.618321	1.335878	3.241963
-0.365723	-0.840088	0.323730	-4.305344	-11.259542	1.664122	3.249132
-0.360107	-0.846680	0.318604	-4.106870	-11.351145	2.068702	3.256306
-0.352295	-0.842041	0.313721	-3.786260	-11.618321	2.183206	3.263496
-0.357422	-0.853516	0.311035	-3.122137	-11.816794	2.274809	3.270674
-0.355225	-0.857178	0.303711	-2.793893	-11.946565	2.648855	3.277838
-0.350586	-0.847656	0.315430	-1.984733	-12.137405	2.343511	3.284955
-0.353760	-0.844971	0.297852	-1.427481	-12.160305	2.442748	3.292113
-0.345215	-0.837891	0.299561	-0.755725	-12.297710	2.114504	3.299287
-0.341553	-0.826904	0.299072	-0.488550	-12.053435	2.099237	3.306476
-0.347900	-0.827148	0.296143	-0.541985	-12.068702	1.572519	3.313627
-0.350098	-0.812988	0.289062	-0.488550	-11.992366	1.473282	3.320819
-0.352295	-0.814697	0.299316	-0.740458	-12.679389	1.175573	3.327983
-0.350098	-0.812012	0.297119	-1.114504	-13.427481	1.015267	3.335112
-0.347656	-0.805420	0.292480	-1.473282	-14.221374	0.595420	3.342271
-0.351562	-0.807129	0.301270	-2.114504	-15.015267	0.160305	3.349481
-0.350586	-0.806885	0.285645	-1.824427	-16.007634	-0.145038	3.356718
-0.354004	-0.806152	0.287109	-2.099237	-17.137405	-0.320611	3.363944
-0.350586	-0.807617	0.292236	-1.961832	-17.847328	-0.824427	3.371147
-0.348389	-0.812988	0.285645	-1.923664	-18.450382	-0.977099	3.378319
-0.345459	-0.818115	0.280762	-1.824427	-18.862595	-0.923664	3.385460
-0.332275	-0.807617	0.290039	-1.488550	-19.045802	-0.832061	3.392599
-0.333252	-0.826904	0.279541	-1.541985	-18.541985	-0.717557	3.399727
-0.322021	-0.829834	0.271729	-0.984733	-17.770992	-0.305344	3.406893
-0.320312	-0.823975	0.271484	-1.038168	-16.778626	0.152672	3.414031
-0.315674	-0.817871	0.254639	-0.847328	-15.419847	0.473282	3.421227
-0.308594	-0.830322	0.260742	-0.832061	-14.587786	0.847328	3.428384
-0.312256	-0.823486	0.256592	-0.580153	-13.335878	1.351145	3.435519
-0.303955	-0.817139	0.262207	-1.496183	-12.053435	1.381679	3.442696
-0.314209	-0.820312	0.260498	-1.717557	-11.251908	1.366412	3.449882
-0.319824	-0.824951	0.269287	-2.022901	-10.938931	1.488550	3.457089
-0.318848	-0.829834	0.272217	-2.106870	-10.374046	1.763359	3.464240
-0.326172	-0.828369	0.268311	-2.221374	-10.000000	1.969466	3.471406
-0.329590	-0.822266	0.256592	-2.473282	-10.061069	1.938931	3.478606
-0.323486	-0.817383	0.264893	-2.687023	-10.465649	2.320611	3.485894
-0.324463	-0.816162	0.254883	-2.854962	-10.488550	2.595420	3.493438
-0.319092	-0.810547	0.254883	-3.511450	-11.091603	2.938931	3.500825
-0.315918	-0.800293	0.256104	-3.755725	-11.282443	3.404580	3.508081
-0.309814	-0.801758	0.243896	-4.274809	-11.251908	3.885496	3.515315
-0.282227	-0.793945	0.243164	-4.984733	-10.870229	4.152672	3.522621
-0.299561	-0.806152	0.256836	-5.580153	-10.954198	4.465649	3.529816
-0.293701	-0.811523	0.261963	-5.977099	-10.564885	4.954198	3.537130
-0.287598	-0.821533	0.265137	-6.473282	-10.152672	5.389313	3.544260
-0.294189	-0.832031	0.268066	-6.007634	-9.427481	6.175573	3.551455
-0.291992	-0.833252	0.266602	-5.664122	-8.213740	6.755725	3.558718
-0.286865	-0.829346	0.261963	-5.458015	-7.076336	7.717557	3.565915
-0.287842	-0.814697	0.258789	-5.122137	-6.137405	9.091603	3.573140
-0.280762	-0.799561	0.258301	-4.839695	-4.954198	10.244275	3.580451
-0.277100	-0.791016	0.261963	-4.923664	-3.702290	11.335878	3.587607
-0.281250	-0.786133	0.262451	-5.160305	-2.916031	12.229008	3.594746
-0.289795	-0.787354	0.269531	-5.129771	-2.190840	12.770992	3.601973
-0.286865	-0.776123	0.258789	-4.969466	-1.061069	13.122137	3.609192
-0.288086	-0.780273	0.264404	-4.625954	-0.610687	13.473282	3.616333
-0.283936	-0.780029	0.244385	-4.435115	0.251908	13.465649	3.623480
-0.280273	-0.771484	0.249512	-4.564885	0.511450	13.381679	3.630666
-0.287842	-0.790283	0.246338	-4.244275	0.496183	13.267176	3.637832
-0.284180	-0.788574	0.245850	-4.091603	0.221374	12.977099	3.644958
-0.290039	-0.794434	0.254150	-3.595420	0.229008	12.954198	3.652115
-0.295898	-0.803467	0.246094	-3.000000	0.694656	13.198473	3.659279
-0.294434	-0.809082	0.259766	-2.534351	1.503817	13.083969	3.666407
-0.296631	-0.814209	0.249512	-2.160305	2.694656	13.015267	3.673573
-0.298340	-0.821289	0.236572	-1.755725	4.259542	12.793893	3.680769
-0.313477	-0.826172	0.242432	-1.519084	5.923664	12.366412	3.687920
-0.327637	-0.836914	0.224609	-1.519084	7.190840	11.954198	3.695058
-0.332764	-0.843506	0.228760	-1.404580	8.305344	11.679389	3.702180
-0.349609	-0.851562	0.215820	-1.580153	9.526718	11.473282	3.709338
-0.352783	-0.843994	0.221924	-2.137405	10.282443	11.175573	3.716490
-0.362061	-0.844727	0.234619	-2.893130	10.572519	11.290076	3.723621
-0.373047	-0.855469	0.249512	-4.038168	10.091603	11.618321	3.730756
-0.385742	-0.848145	0.259766	-4.244275	9.381679	12.526718	3.737921
-0.395508	-0.844971	0.250000	-4.557252	8.175573	13.801527	3.745049
-0.409424	-0.840332	0.253906	-5.206107	7.183206	15.854962	3.752183
-0.416016	-0.838623	0.242432	-5.473282	6.091603	18.282443	3.759338
-0.404785	-0.823975	0.231689	-5.854962	6.190840	21.251908	3.766489
-0.397461	-0.806641	0.229004	-6.946565	7.381679	23.977099	3.773652
-0.387451	-0.790527	0.231934	-8.473282	9.274809	26.213740	3.780985
-0.392822	-0.781738	0.222412	-10.305344	11.328244	27.694656	3.788161
-0.405029	-0.790771	0.218262	-11.854962	12.534351	28.961832	3.795313
-0.419434	-0.795410	0.227539	-12.358779	12.885496	29.862595	3.802508
-0.428955	-0.809814	0.237061	-12.893130	13.145038	30.167939	3.809683
-0.448730	-0.811279	0.234863	-12.648855	12.511450	29.832061	3.816947
-0.448486	-0.827881	0.255371	-12.106870	10.916031	28.977099	3.824081
-0.450928	-0.828125	0.252930	-11.427481	9.259542	27.908397	3.831236
-0.441406	-0.833984	0.256592	-10.328244	8.526718	26.633588	3.838397
-0.444336	-0.834229	0.258301	-9.267176	8.969466	25.412214	3.845522
-0.456055	-0.826660	0.256836	-8.526718	9.236641	24.778626	3.852688
-0.454346	-0.830811	0.267822	-7.900763	8.610687	24.587786	3.859882
-0.470947	-0.823242	0.291992	-8.618321	9.183206	25.236641	3.867283
-0.477539	-0.813477	0.297607	-8.923664	10.450382	26.442748	3.874513
-0.492920	-0.798096	0.306885	-9.717557	11.595420	27.641221	3.881760
-0.504150	-0.780518	0.313965	-11.106870	11.549618	29.366412	3.888951
-0.515625	-0.775635	0.294434	-12.839695	9.198473	30.877863	3.896093
-0.497070	-0.773438	0.294678	-14.045802	7.374046	31.763359	3.903235
-0.506104	-0.767822	0.274658	-15.786260	5.755725	32.099237	3.910436
-0.531738	-0.774414	0.279785	-17.229008	2.694656	31.923664	3.917602
-0.554199	-0.802002	0.281982	-17.847328	-1.152672	31.160305	3.924956
-0.546387	-0.833496	0.291992	-18.328244	-4.442748	30.381679	3.932154
-0.560059	-0.843994	0.305420	-17.465649	-5.938931	29.526718	3.939445
-0.568604	-0.853271	0.314209	-16.366412	-7.641221	29.000000	3.946650
-0.564453	-0.869873	0.316162	-14.549618	-8.572519	28.366412	3.953863
-0.557617	-0.872803	0.309082	-12.824427	-8.900763	28.404580	3.961102
-0.537842	-0.865967	0.292725	-10.328244	-8.030534	28.748092	3.968302
-0.519531	-0.851807	0.279785	-8.526718	-4.679389	29.732824	3.975437
